#YOKOGAWA AQ6370
#Date: 20/04/2023 Time: 16:11:24
# A_WL(nm) A_I(mW) 	
1.553600E+3	103.471336E-12
1.553604E+3	110.715779E-12
1.553608E+3	109.487709E-12
1.553612E+3	101.491558E-12
1.553616E+3	106.523993E-12
1.553620E+3	101.021988E-12
1.553624E+3	78.946804E-12
1.553628E+3	87.847527E-12
1.553632E+3	93.419172E-12
1.553636E+3	87.040391E-12
1.553640E+3	96.216292E-12
1.553644E+3	110.394686E-12
1.553648E+3	109.228562E-12
1.553652E+3	123.495791E-12
1.553656E+3	119.621519E-12
1.553660E+3	137.043069E-12
1.553664E+3	140.868734E-12
1.553668E+3	167.414684E-12
1.553672E+3	159.630066E-12
1.553676E+3	177.273818E-12
1.553680E+3	188.587506E-12
1.553684E+3	212.362573E-12
1.553688E+3	218.393220E-12
1.553692E+3	214.931127E-12
1.553696E+3	234.934860E-12
1.553700E+3	254.644410E-12
1.553704E+3	254.434970E-12
1.553708E+3	268.380749E-12
1.553712E+3	320.076984E-12
1.553716E+3	306.304067E-12
1.553720E+3	302.316734E-12
1.553724E+3	336.771116E-12
1.553728E+3	353.988078E-12
1.553732E+3	350.911740E-12
1.553736E+3	338.237560E-12
1.553740E+3	380.440459E-12
1.553744E+3	376.560075E-12
1.553748E+3	366.747699E-12
1.553752E+3	393.773507E-12
1.553756E+3	403.458430E-12
1.553760E+3	413.946517E-12
1.553764E+3	421.039082E-12
1.553768E+3	420.476694E-12
1.553772E+3	441.346641E-12
1.553776E+3	415.194677E-12
1.553780E+3	409.343396E-12
1.553784E+3	424.654563E-12
1.553788E+3	441.328159E-12
1.553792E+3	444.697408E-12
1.553796E+3	427.003875E-12
1.553800E+3	403.180722E-12
1.553804E+3	431.842883E-12
1.553808E+3	414.806514E-12
1.553812E+3	416.503499E-12
1.553816E+3	402.551201E-12
1.553820E+3	401.921394E-12
1.553824E+3	390.306173E-12
1.553828E+3	374.599885E-12
1.553832E+3	380.917045E-12
1.553836E+3	360.986877E-12
1.553840E+3	357.423847E-12
1.553844E+3	346.196214E-12
1.553848E+3	315.940315E-12
1.553852E+3	325.349696E-12
1.553856E+3	299.997582E-12
1.553860E+3	267.982045E-12
1.553864E+3	297.305127E-12
1.553868E+3	267.541174E-12
1.553872E+3	230.911456E-12
1.553876E+3	211.150144E-12
1.553880E+3	222.587250E-12
1.553884E+3	200.847894E-12
1.553888E+3	190.018480E-12
1.553892E+3	178.716586E-12
1.553896E+3	149.421020E-12
1.553900E+3	143.955636E-12
1.553904E+3	144.375010E-12
1.553908E+3	130.203944E-12
1.553912E+3	133.395413E-12
1.553916E+3	103.845337E-12
1.553920E+3	84.522956E-12
1.553924E+3	77.833837E-12
1.553928E+3	75.647692E-12
1.553932E+3	77.929755E-12
1.553936E+3	78.297979E-12
1.553940E+3	88.083131E-12
1.553944E+3	78.815756E-12
1.553948E+3	74.751862E-12
1.553952E+3	77.853346E-12
1.553956E+3	84.559023E-12
1.553960E+3	94.103418E-12
1.553964E+3	99.570053E-12
1.553968E+3	97.931528E-12
1.553972E+3	102.553547E-12
1.553976E+3	91.879708E-12
1.553980E+3	121.470289E-12
1.553984E+3	142.288812E-12
1.553988E+3	157.664640E-12
1.553992E+3	173.397431E-12
1.553996E+3	171.335395E-12
1.554000E+3	167.966879E-12
1.554004E+3	207.457367E-12
1.554008E+3	206.512237E-12
1.554012E+3	239.860378E-12
1.554016E+3	241.021785E-12
1.554020E+3	278.246782E-12
1.554024E+3	294.565090E-12
1.554028E+3	343.643135E-12
1.554032E+3	360.530001E-12
1.554036E+3	364.313161E-12
1.554040E+3	376.809101E-12
1.554044E+3	410.801699E-12
1.554048E+3	435.498188E-12
1.554052E+3	466.998322E-12
1.554056E+3	481.436924E-12
1.554060E+3	524.217625E-12
1.554064E+3	540.442311E-12
1.554068E+3	591.617141E-12
1.554072E+3	622.781991E-12
1.554076E+3	614.919637E-12
1.554080E+3	629.127486E-12
1.554084E+3	668.945421E-12
1.554088E+3	704.485726E-12
1.554092E+3	733.869045E-12
1.554096E+3	759.025580E-12
1.554100E+3	772.187497E-12
1.554104E+3	796.365421E-12
1.554108E+3	805.148539E-12
1.554112E+3	844.419206E-12
1.554116E+3	855.241860E-12
1.554120E+3	870.292091E-12
1.554124E+3	913.924123E-12
1.554128E+3	933.031127E-12
1.554132E+3	934.935591E-12
1.554136E+3	963.285653E-12
1.554140E+3	977.105099E-12
1.554144E+3	1.008033E-9
1.554148E+3	1.031868E-9
1.554152E+3	1.054501E-9
1.554156E+3	1.089049E-9
1.554160E+3	1.076086E-9
1.554164E+3	1.076531E-9
1.554168E+3	1.097721E-9
1.554172E+3	1.109712E-9
1.554176E+3	1.124162E-9
1.554180E+3	1.114906E-9
1.554184E+3	1.114016E-9
1.554188E+3	1.129584E-9
1.554192E+3	1.129821E-9
1.554196E+3	1.112697E-9
1.554200E+3	1.091930E-9
1.554204E+3	1.100244E-9
1.554208E+3	1.058561E-9
1.554212E+3	1.075320E-9
1.554216E+3	1.041505E-9
1.554220E+3	1.029217E-9
1.554224E+3	1.020411E-9
1.554228E+3	994.116301E-12
1.554232E+3	977.440891E-12
1.554236E+3	965.178975E-12
1.554240E+3	919.797336E-12
1.554244E+3	920.094363E-12
1.554248E+3	875.142464E-12
1.554252E+3	841.066105E-12
1.554256E+3	825.366530E-12
1.554260E+3	806.119768E-12
1.554264E+3	768.655234E-12
1.554268E+3	727.103254E-12
1.554272E+3	707.988506E-12
1.554276E+3	710.438609E-12
1.554280E+3	675.846142E-12
1.554284E+3	673.694905E-12
1.554288E+3	667.753860E-12
1.554292E+3	671.541163E-12
1.554296E+3	671.384139E-12
1.554300E+3	671.786407E-12
1.554304E+3	691.127338E-12
1.554308E+3	723.164031E-12
1.554312E+3	759.164781E-12
1.554316E+3	789.330399E-12
1.554320E+3	848.114032E-12
1.554324E+3	920.362926E-12
1.554328E+3	1.020100E-9
1.554332E+3	1.130193E-9
1.554336E+3	1.212120E-9
1.554340E+3	1.331492E-9
1.554344E+3	1.470034E-9
1.554348E+3	1.622208E-9
1.554352E+3	1.754367E-9
1.554356E+3	1.978298E-9
1.554360E+3	2.195344E-9
1.554364E+3	2.397271E-9
1.554368E+3	2.597477E-9
1.554372E+3	2.882083E-9
1.554376E+3	3.156105E-9
1.554380E+3	3.444623E-9
1.554384E+3	3.780751E-9
1.554388E+3	4.135301E-9
1.554392E+3	4.509317E-9
1.554396E+3	4.870970E-9
1.554400E+3	5.249854E-9
1.554404E+3	5.745678E-9
1.554408E+3	6.184741E-9
1.554412E+3	6.619498E-9
1.554416E+3	7.101878E-9
1.554420E+3	7.618324E-9
1.554424E+3	8.130805E-9
1.554428E+3	8.573881E-9
1.554432E+3	9.057260E-9
1.554436E+3	9.691887E-9
1.554440E+3	10.222370E-9
1.554444E+3	10.648089E-9
1.554448E+3	11.139163E-9
1.554452E+3	11.733056E-9
1.554456E+3	12.259579E-9
1.554460E+3	12.751840E-9
1.554464E+3	13.265119E-9
1.554468E+3	13.879689E-9
1.554472E+3	14.428512E-9
1.554476E+3	14.878281E-9
1.554480E+3	15.469430E-9
1.554484E+3	16.031065E-9
1.554488E+3	16.469219E-9
1.554492E+3	16.937043E-9
1.554496E+3	17.517539E-9
1.554500E+3	18.005330E-9
1.554504E+3	18.385765E-9
1.554508E+3	18.758335E-9
1.554512E+3	19.293183E-9
1.554516E+3	19.747164E-9
1.554520E+3	20.087803E-9
1.554524E+3	20.424820E-9
1.554528E+3	20.843993E-9
1.554532E+3	21.195006E-9
1.554536E+3	21.474942E-9
1.554540E+3	21.773885E-9
1.554544E+3	22.152560E-9
1.554548E+3	22.471749E-9
1.554552E+3	22.704532E-9
1.554556E+3	22.910579E-9
1.554560E+3	23.226852E-9
1.554564E+3	23.471990E-9
1.554568E+3	23.674841E-9
1.554572E+3	23.902367E-9
1.554576E+3	24.132214E-9
1.554580E+3	24.367533E-9
1.554584E+3	24.608752E-9
1.554588E+3	24.817715E-9
1.554592E+3	25.073742E-9
1.554596E+3	25.316781E-9
1.554600E+3	25.530372E-9
1.554604E+3	25.849053E-9
1.554608E+3	26.210690E-9
1.554612E+3	26.543040E-9
1.554616E+3	26.871394E-9
1.554620E+3	27.229875E-9
1.554624E+3	27.733955E-9
1.554628E+3	28.214995E-9
1.554632E+3	28.697677E-9
1.554636E+3	29.354443E-9
1.554640E+3	30.014985E-9
1.554644E+3	30.602557E-9
1.554648E+3	31.302129E-9
1.554652E+3	32.219362E-9
1.554656E+3	33.094990E-9
1.554660E+3	33.800340E-9
1.554664E+3	34.652094E-9
1.554668E+3	35.787904E-9
1.554672E+3	36.882280E-9
1.554676E+3	37.815648E-9
1.554680E+3	38.876387E-9
1.554684E+3	40.236038E-9
1.554688E+3	41.440100E-9
1.554692E+3	42.490612E-9
1.554696E+3	43.680054E-9
1.554700E+3	45.071408E-9
1.554704E+3	46.465468E-9
1.554708E+3	47.610286E-9
1.554712E+3	48.922119E-9
1.554716E+3	50.405082E-9
1.554720E+3	51.723780E-9
1.554724E+3	52.841039E-9
1.554728E+3	54.055331E-9
1.554732E+3	55.593579E-9
1.554736E+3	57.010670E-9
1.554740E+3	58.058000E-9
1.554744E+3	59.203970E-9
1.554748E+3	60.496167E-9
1.554752E+3	61.620558E-9
1.554756E+3	62.529570E-9
1.554760E+3	63.504075E-9
1.554764E+3	64.542579E-9
1.554768E+3	65.383943E-9
1.554772E+3	66.026439E-9
1.554776E+3	66.636479E-9
1.554780E+3	67.324126E-9
1.554784E+3	67.871530E-9
1.554788E+3	68.239060E-9
1.554792E+3	68.566781E-9
1.554796E+3	68.900089E-9
1.554800E+3	69.089943E-9
1.554804E+3	69.193289E-9
1.554808E+3	69.180193E-9
1.554812E+3	69.131349E-9
1.554816E+3	68.998450E-9
1.554820E+3	68.861207E-9
1.554824E+3	68.570443E-9
1.554828E+3	68.291107E-9
1.554832E+3	68.001417E-9
1.554836E+3	67.618751E-9
1.554840E+3	67.171428E-9
1.554844E+3	66.789067E-9
1.554848E+3	66.457420E-9
1.554852E+3	66.068778E-9
1.554856E+3	65.617577E-9
1.554860E+3	65.220830E-9
1.554864E+3	64.964437E-9
1.554868E+3	64.648842E-9
1.554872E+3	64.336305E-9
1.554876E+3	64.109109E-9
1.554880E+3	64.048579E-9
1.554884E+3	63.980458E-9
1.554888E+3	64.072781E-9
1.554892E+3	64.206042E-9
1.554896E+3	64.511841E-9
1.554900E+3	64.901340E-9
1.554904E+3	65.528001E-9
1.554908E+3	66.208145E-9
1.554912E+3	66.881537E-9
1.554916E+3	67.768565E-9
1.554920E+3	69.018741E-9
1.554924E+3	70.249012E-9
1.554928E+3	71.301460E-9
1.554932E+3	72.607914E-9
1.554936E+3	74.270184E-9
1.554940E+3	76.003689E-9
1.554944E+3	77.546777E-9
1.554948E+3	79.308166E-9
1.554952E+3	81.619447E-9
1.554956E+3	83.721918E-9
1.554960E+3	85.476091E-9
1.554964E+3	87.356979E-9
1.554968E+3	89.674241E-9
1.554972E+3	91.897748E-9
1.554976E+3	93.756532E-9
1.554980E+3	96.099389E-9
1.554984E+3	98.113925E-9
1.554988E+3	99.767353E-9
1.554992E+3	101.463235E-9
1.554996E+3	103.359025E-9
1.555000E+3	104.922871E-9
1.555004E+3	106.057624E-9
1.555008E+3	107.194766E-9
1.555012E+3	108.288706E-9
1.555016E+3	109.023855E-9
1.555020E+3	109.379575E-9
1.555024E+3	109.647033E-9
1.555028E+3	109.526317E-9
1.555032E+3	109.099637E-9
1.555036E+3	108.454230E-9
1.555040E+3	107.565317E-9
1.555044E+3	106.061356E-9
1.555048E+3	104.247830E-9
1.555052E+3	102.472410E-9
1.555056E+3	99.860442E-9
1.555060E+3	97.247190E-9
1.555064E+3	94.909323E-9
1.555068E+3	92.002570E-9
1.555072E+3	88.124329E-9
1.555076E+3	84.361067E-9
1.555080E+3	81.261072E-9
1.555084E+3	77.631419E-9
1.555088E+3	73.065857E-9
1.555092E+3	68.712333E-9
1.555096E+3	65.104698E-9
1.555100E+3	60.261315E-9
1.555104E+3	55.662642E-9
1.555108E+3	51.829644E-9
1.555112E+3	47.467338E-9
1.555116E+3	42.477940E-9
1.555120E+3	37.959016E-9
1.555124E+3	34.387946E-9
1.555128E+3	30.407906E-9
1.555132E+3	25.524826E-9
1.555136E+3	21.315328E-9
1.555140E+3	18.253164E-9
1.555144E+3	15.143202E-9
1.555148E+3	11.759569E-9
1.555152E+3	9.006364E-9
1.555156E+3	6.998777E-9
1.555160E+3	4.794209E-9
1.555164E+3	3.213980E-9
1.555168E+3	2.345360E-9
1.555172E+3	1.741365E-9
1.555176E+3	1.567156E-9
1.555180E+3	1.866751E-9
1.555184E+3	2.565909E-9
1.555188E+3	3.779890E-9
1.555192E+3	5.723191E-9
1.555196E+3	7.940858E-9
1.555200E+3	10.209353E-9
1.555204E+3	13.222257E-9
1.555208E+3	17.414184E-9
1.555212E+3	21.826839E-9
1.555216E+3	25.728301E-9
1.555220E+3	31.626057E-9
1.555224E+3	37.360906E-9
1.555228E+3	42.147704E-9
1.555232E+3	48.067844E-9
1.555236E+3	55.782045E-9
1.555240E+3	63.175044E-9
1.555244E+3	69.371837E-9
1.555248E+3	76.456835E-9
1.555252E+3	85.122424E-9
1.555256E+3	93.003987E-9
1.555260E+3	99.867570E-9
1.555264E+3	107.923554E-9
1.555268E+3	117.935971E-9
1.555272E+3	127.053555E-9
1.555276E+3	134.006585E-9
1.555280E+3	143.251701E-9
1.555284E+3	152.007437E-9
1.555288E+3	159.122038E-9
1.555292E+3	166.930009E-9
1.555296E+3	175.975956E-9
1.555300E+3	183.599122E-9
1.555304E+3	189.534282E-9
1.555308E+3	196.051540E-9
1.555312E+3	203.218548E-9
1.555316E+3	210.488715E-9
1.555320E+3	215.480173E-9
1.555324E+3	220.959673E-9
1.555328E+3	225.589193E-9
1.555332E+3	228.630942E-9
1.555336E+3	231.329143E-9
1.555340E+3	234.516397E-9
1.555344E+3	236.879393E-9
1.555348E+3	238.339594E-9
1.555352E+3	239.602687E-9
1.555356E+3	239.991350E-9
1.555360E+3	240.141549E-9
1.555364E+3	239.577496E-9
1.555368E+3	238.438246E-9
1.555372E+3	236.439792E-9
1.555376E+3	233.855288E-9
1.555380E+3	231.609310E-9
1.555384E+3	227.437876E-9
1.555388E+3	222.977721E-9
1.555392E+3	218.862319E-9
1.555396E+3	213.749995E-9
1.555400E+3	206.932101E-9
1.555404E+3	200.236572E-9
1.555408E+3	194.675145E-9
1.555412E+3	188.258504E-9
1.555416E+3	180.328983E-9
1.555420E+3	172.458689E-9
1.555424E+3	166.222761E-9
1.555428E+3	159.095605E-9
1.555432E+3	150.431045E-9
1.555436E+3	142.617021E-9
1.555440E+3	136.066958E-9
1.555444E+3	127.483172E-9
1.555448E+3	119.870627E-9
1.555452E+3	113.531173E-9
1.555456E+3	106.890399E-9
1.555460E+3	97.906768E-9
1.555464E+3	92.123076E-9
1.555468E+3	87.118866E-9
1.555472E+3	82.107139E-9
1.555476E+3	76.442032E-9
1.555480E+3	71.775171E-9
1.555484E+3	67.951994E-9
1.555488E+3	63.829284E-9
1.555492E+3	60.774558E-9
1.555496E+3	58.635349E-9
1.555500E+3	56.608126E-9
1.555504E+3	54.734287E-9
1.555508E+3	53.526757E-9
1.555512E+3	52.981682E-9
1.555516E+3	52.870303E-9
1.555520E+3	53.392659E-9
1.555524E+3	54.464078E-9
1.555528E+3	55.889078E-9
1.555532E+3	58.082306E-9
1.555536E+3	61.499115E-9
1.555540E+3	64.766109E-9
1.555544E+3	67.598670E-9
1.555548E+3	71.956737E-9
1.555552E+3	76.325566E-9
1.555556E+3	80.194969E-9
1.555560E+3	84.789046E-9
1.555564E+3	90.676562E-9
1.555568E+3	95.983723E-9
1.555572E+3	100.361304E-9
1.555576E+3	105.417138E-9
1.555580E+3	111.654207E-9
1.555584E+3	117.615288E-9
1.555588E+3	122.583127E-9
1.555592E+3	128.131838E-9
1.555596E+3	134.647080E-9
1.555600E+3	140.848154E-9
1.555604E+3	145.868288E-9
1.555608E+3	152.235865E-9
1.555612E+3	158.298935E-9
1.555616E+3	163.157854E-9
1.555620E+3	168.267797E-9
1.555624E+3	174.007689E-9
1.555628E+3	178.842176E-9
1.555632E+3	182.604660E-9
1.555636E+3	186.323649E-9
1.555640E+3	190.551769E-9
1.555644E+3	193.831316E-9
1.555648E+3	196.297393E-9
1.555652E+3	198.746993E-9
1.555656E+3	201.083107E-9
1.555660E+3	202.703049E-9
1.555664E+3	204.014856E-9
1.555668E+3	205.439039E-9
1.555672E+3	206.237910E-9
1.555676E+3	206.670581E-9
1.555680E+3	206.749883E-9
1.555684E+3	206.221545E-9
1.555688E+3	205.398962E-9
1.555692E+3	204.315590E-9
1.555696E+3	202.809015E-9
1.555700E+3	200.431624E-9
1.555704E+3	198.052193E-9
1.555708E+3	195.969881E-9
1.555712E+3	192.980945E-9
1.555716E+3	189.936479E-9
1.555720E+3	187.345727E-9
1.555724E+3	184.307876E-9
1.555728E+3	180.256548E-9
1.555732E+3	176.551059E-9
1.555736E+3	173.592253E-9
1.555740E+3	169.984362E-9
1.555744E+3	164.959259E-9
1.555748E+3	160.055010E-9
1.555752E+3	156.162295E-9
1.555756E+3	151.997772E-9
1.555760E+3	147.360602E-9
1.555764E+3	143.008569E-9
1.555768E+3	139.260866E-9
1.555772E+3	134.413609E-9
1.555776E+3	130.172364E-9
1.555780E+3	126.880034E-9
1.555784E+3	123.339431E-9
1.555788E+3	119.320208E-9
1.555792E+3	115.598821E-9
1.555796E+3	112.751127E-9
1.555800E+3	109.877859E-9
1.555804E+3	106.699840E-9
1.555808E+3	103.970389E-9
1.555812E+3	101.921390E-9
1.555816E+3	99.895055E-9
1.555820E+3	97.512419E-9
1.555824E+3	95.604428E-9
1.555828E+3	94.101273E-9
1.555832E+3	92.644078E-9
1.555836E+3	91.535725E-9
1.555840E+3	90.761470E-9
1.555844E+3	90.010307E-9
1.555848E+3	89.431481E-9
1.555852E+3	89.191314E-9
1.555856E+3	89.108242E-9
1.555860E+3	89.177202E-9
1.555864E+3	89.462737E-9
1.555868E+3	89.895439E-9
1.555872E+3	90.369756E-9
1.555876E+3	90.990227E-9
1.555880E+3	92.104819E-9
1.555884E+3	93.354598E-9
1.555888E+3	94.452230E-9
1.555892E+3	95.993168E-9
1.555896E+3	97.618995E-9
1.555900E+3	99.132414E-9
1.555904E+3	100.884429E-9
1.555908E+3	103.110036E-9
1.555912E+3	105.156518E-9
1.555916E+3	106.862599E-9
1.555920E+3	108.693353E-9
1.555924E+3	110.841011E-9
1.555928E+3	112.941711E-9
1.555932E+3	114.659483E-9
1.555936E+3	116.992065E-9
1.555940E+3	119.044400E-9
1.555944E+3	120.796908E-9
1.555948E+3	122.793964E-9
1.555952E+3	125.322419E-9
1.555956E+3	127.599345E-9
1.555960E+3	129.503223E-9
1.555964E+3	131.699989E-9
1.555968E+3	134.188506E-9
1.555972E+3	136.307303E-9
1.555976E+3	137.957895E-9
1.555980E+3	139.898071E-9
1.555984E+3	142.053155E-9
1.555988E+3	144.173724E-9
1.555992E+3	145.880272E-9
1.555996E+3	147.978791E-9
1.556000E+3	149.896456E-9
1.556004E+3	151.276171E-9
1.556008E+3	152.992436E-9
1.556012E+3	155.016673E-9
1.556016E+3	156.926306E-9
1.556020E+3	158.500370E-9
1.556024E+3	160.086589E-9
1.556028E+3	161.674558E-9
1.556032E+3	162.833588E-9
1.556036E+3	163.748082E-9
1.556040E+3	164.817273E-9
1.556044E+3	165.924110E-9
1.556048E+3	166.662729E-9
1.556052E+3	167.468971E-9
1.556056E+3	168.560186E-9
1.556060E+3	169.379502E-9
1.556064E+3	169.867017E-9
1.556068E+3	170.247003E-9
1.556072E+3	170.667811E-9
1.556076E+3	171.025823E-9
1.556080E+3	171.097340E-9
1.556084E+3	170.663328E-9
1.556088E+3	169.992021E-9
1.556092E+3	169.565781E-9
1.556096E+3	169.152450E-9
1.556100E+3	168.750441E-9
1.556104E+3	168.156313E-9
1.556108E+3	167.531555E-9
1.556112E+3	166.548131E-9
1.556116E+3	165.302117E-9
1.556120E+3	164.010110E-9
1.556124E+3	162.629586E-9
1.556128E+3	160.782310E-9
1.556132E+3	158.943379E-9
1.556136E+3	157.524447E-9
1.556140E+3	155.832234E-9
1.556144E+3	153.778605E-9
1.556148E+3	151.589208E-9
1.556152E+3	149.589765E-9
1.556156E+3	147.297396E-9
1.556160E+3	144.555416E-9
1.556164E+3	142.062471E-9
1.556168E+3	139.967584E-9
1.556172E+3	136.626217E-9
1.556176E+3	133.244672E-9
1.556180E+3	130.570838E-9
1.556184E+3	127.783313E-9
1.556188E+3	124.367278E-9
1.556192E+3	121.368736E-9
1.556196E+3	118.928226E-9
1.556200E+3	116.149588E-9
1.556204E+3	112.930233E-9
1.556208E+3	110.011580E-9
1.556212E+3	107.698729E-9
1.556216E+3	104.638570E-9
1.556220E+3	102.046687E-9
1.556224E+3	99.927514E-9
1.556228E+3	97.595016E-9
1.556232E+3	95.088295E-9
1.556236E+3	93.080592E-9
1.556240E+3	91.648180E-9
1.556244E+3	90.304448E-9
1.556248E+3	88.958188E-9
1.556252E+3	88.033887E-9
1.556256E+3	87.582741E-9
1.556260E+3	87.117787E-9
1.556264E+3	87.067320E-9
1.556268E+3	87.323410E-9
1.556272E+3	87.914645E-9
1.556276E+3	89.049938E-9
1.556280E+3	90.445772E-9
1.556284E+3	91.996289E-9
1.556288E+3	94.047862E-9
1.556292E+3	96.851080E-9
1.556296E+3	99.521249E-9
1.556300E+3	102.093145E-9
1.556304E+3	105.235519E-9
1.556308E+3	109.688870E-9
1.556312E+3	114.109662E-9
1.556316E+3	118.045100E-9
1.556320E+3	123.454788E-9
1.556324E+3	128.436205E-9
1.556328E+3	132.699483E-9
1.556332E+3	137.619075E-9
1.556336E+3	143.937804E-9
1.556340E+3	150.189403E-9
1.556344E+3	155.308018E-9
1.556348E+3	161.168235E-9
1.556352E+3	168.232659E-9
1.556356E+3	174.593335E-9
1.556360E+3	179.992356E-9
1.556364E+3	187.330521E-9
1.556368E+3	193.733997E-9
1.556372E+3	198.865743E-9
1.556376E+3	204.479349E-9
1.556380E+3	211.918831E-9
1.556384E+3	218.763446E-9
1.556388E+3	223.937321E-9
1.556392E+3	229.678964E-9
1.556396E+3	235.029455E-9
1.556400E+3	239.359756E-9
1.556404E+3	242.891427E-9
1.556408E+3	247.332605E-9
1.556412E+3	251.072322E-9
1.556416E+3	253.678533E-9
1.556420E+3	256.536112E-9
1.556424E+3	259.552710E-9
1.556428E+3	261.881530E-9
1.556432E+3	262.929042E-9
1.556436E+3	263.702635E-9
1.556440E+3	263.798603E-9
1.556444E+3	263.364862E-9
1.556448E+3	262.653812E-9
1.556452E+3	261.156347E-9
1.556456E+3	259.046453E-9
1.556460E+3	257.215341E-9
1.556464E+3	254.242863E-9
1.556468E+3	250.119878E-9
1.556472E+3	246.111662E-9
1.556476E+3	242.734020E-9
1.556480E+3	238.670222E-9
1.556484E+3	233.060956E-9
1.556488E+3	227.228966E-9
1.556492E+3	222.105439E-9
1.556496E+3	214.253938E-9
1.556500E+3	206.517506E-9
1.556504E+3	199.823028E-9
1.556508E+3	192.500009E-9
1.556512E+3	183.816433E-9
1.556516E+3	175.696939E-9
1.556520E+3	168.719502E-9
1.556524E+3	160.968081E-9
1.556528E+3	152.016846E-9
1.556532E+3	144.100587E-9
1.556536E+3	137.897854E-9
1.556540E+3	129.719956E-9
1.556544E+3	122.069136E-9
1.556548E+3	116.414393E-9
1.556552E+3	110.500827E-9
1.556556E+3	103.721202E-9
1.556560E+3	96.363334E-9
1.556564E+3	93.369212E-9
1.556568E+3	88.880080E-9
1.556572E+3	84.371848E-9
1.556576E+3	81.018941E-9
1.556580E+3	78.656726E-9
1.556584E+3	76.194023E-9
1.556588E+3	74.699923E-9
1.556592E+3	74.006821E-9
1.556596E+3	73.747080E-9
1.556600E+3	74.214895E-9
1.556604E+3	75.507246E-9
1.556608E+3	77.219144E-9
1.556612E+3	79.809352E-9
1.556616E+3	83.817759E-9
1.556620E+3	88.086809E-9
1.556624E+3	92.244855E-9
1.556628E+3	98.573611E-9
1.556632E+3	105.239901E-9
1.556636E+3	111.157187E-9
1.556640E+3	117.960001E-9
1.556644E+3	126.588076E-9
1.556648E+3	135.412256E-9
1.556652E+3	143.311078E-9
1.556656E+3	152.644738E-9
1.556660E+3	163.780321E-9
1.556664E+3	174.321461E-9
1.556668E+3	182.923772E-9
1.556672E+3	194.006482E-9
1.556676E+3	204.546737E-9
1.556680E+3	215.521023E-9
1.556684E+3	225.638810E-9
1.556688E+3	237.058571E-9
1.556692E+3	247.461857E-9
1.556696E+3	254.784725E-9
1.556700E+3	263.342163E-9
1.556704E+3	273.618522E-9
1.556708E+3	282.971719E-9
1.556712E+3	290.781366E-9
1.556716E+3	299.697868E-9
1.556720E+3	306.917573E-9
1.556724E+3	312.548544E-9
1.556728E+3	318.334646E-9
1.556732E+3	325.219082E-9
1.556736E+3	330.985125E-9
1.556740E+3	334.814448E-9
1.556744E+3	338.401750E-9
1.556748E+3	341.368826E-9
1.556752E+3	343.033306E-9
1.556756E+3	343.638718E-9
1.556760E+3	343.301843E-9
1.556764E+3	342.152082E-9
1.556768E+3	340.095270E-9
1.556772E+3	337.159243E-9
1.556776E+3	332.663854E-9
1.556780E+3	328.359628E-9
1.556784E+3	324.343768E-9
1.556788E+3	318.965476E-9
1.556792E+3	310.339681E-9
1.556796E+3	301.245010E-9
1.556800E+3	293.554571E-9
1.556804E+3	285.106168E-9
1.556808E+3	273.757722E-9
1.556812E+3	262.437896E-9
1.556816E+3	252.489861E-9
1.556820E+3	239.639176E-9
1.556824E+3	227.273593E-9
1.556828E+3	217.075614E-9
1.556832E+3	205.981669E-9
1.556836E+3	192.155221E-9
1.556840E+3	178.837251E-9
1.556844E+3	167.306903E-9
1.556848E+3	154.401731E-9
1.556852E+3	139.891952E-9
1.556856E+3	126.981682E-9
1.556860E+3	117.014330E-9
1.556864E+3	101.373915E-9
1.556868E+3	91.402726E-9
1.556872E+3	80.462707E-9
1.556876E+3	70.643858E-9
1.556880E+3	60.176355E-9
1.556884E+3	52.275284E-9
1.556888E+3	45.470024E-9
1.556892E+3	38.295360E-9
1.556896E+3	30.536245E-9
1.556900E+3	24.727574E-9
1.556904E+3	21.061338E-9
1.556908E+3	17.325191E-9
1.556912E+3	14.961247E-9
1.556916E+3	13.907353E-9
1.556920E+3	13.540207E-9
1.556924E+3	14.380584E-9
1.556928E+3	16.405219E-9
1.556932E+3	18.924633E-9
1.556936E+3	22.428681E-9
1.556940E+3	27.868143E-9
1.556944E+3	33.931749E-9
1.556948E+3	39.806987E-9
1.556952E+3	48.979919E-9
1.556956E+3	58.224209E-9
1.556960E+3	66.503599E-9
1.556964E+3	76.584727E-9
1.556968E+3	89.727765E-9
1.556972E+3	102.930653E-9
1.556976E+3	114.227904E-9
1.556980E+3	127.415360E-9
1.556984E+3	145.029472E-9
1.556988E+3	161.008505E-9
1.556992E+3	173.780144E-9
1.556996E+3	190.895334E-9
1.557000E+3	208.291725E-9
1.557004E+3	225.499572E-9
1.557008E+3	239.925509E-9
1.557012E+3	258.238173E-9
1.557016E+3	273.265331E-9
1.557020E+3	284.660496E-9
1.557024E+3	301.283340E-9
1.557028E+3	316.479331E-9
1.557032E+3	328.526096E-9
1.557036E+3	340.902786E-9
1.557040E+3	354.826243E-9
1.557044E+3	366.577687E-9
1.557048E+3	375.351436E-9
1.557052E+3	386.393848E-9
1.557056E+3	395.600538E-9
1.557060E+3	402.287327E-9
1.557064E+3	408.953219E-9
1.557068E+3	415.881103E-9
1.557072E+3	420.601042E-9
1.557076E+3	423.550840E-9
1.557080E+3	426.417081E-9
1.557084E+3	427.407542E-9
1.557088E+3	427.028200E-9
1.557092E+3	425.563980E-9
1.557096E+3	422.322039E-9
1.557100E+3	417.573886E-9
1.557104E+3	412.899482E-9
1.557108E+3	406.917147E-9
1.557112E+3	398.513659E-9
1.557116E+3	389.647238E-9
1.557120E+3	381.374516E-9
1.557124E+3	369.519847E-9
1.557128E+3	357.574403E-9
1.557132E+3	346.968481E-9
1.557136E+3	334.525854E-9
1.557140E+3	318.507808E-9
1.557144E+3	302.891576E-9
1.557148E+3	290.070056E-9
1.557152E+3	273.238208E-9
1.557156E+3	256.889858E-9
1.557160E+3	243.659682E-9
1.557164E+3	228.578892E-9
1.557168E+3	210.706574E-9
1.557172E+3	194.450580E-9
1.557176E+3	181.588923E-9
1.557180E+3	165.513176E-9
1.557184E+3	150.844284E-9
1.557188E+3	138.928017E-9
1.557192E+3	126.329135E-9
1.557196E+3	111.720981E-9
1.557200E+3	95.627187E-9
1.557204E+3	89.309945E-9
1.557208E+3	77.741687E-9
1.557212E+3	68.329093E-9
1.557216E+3	61.576301E-9
1.557220E+3	54.984933E-9
1.557224E+3	47.958492E-9
1.557228E+3	43.184754E-9
1.557232E+3	40.491604E-9
1.557236E+3	38.389723E-9
1.557240E+3	37.761658E-9
1.557244E+3	38.458129E-9
1.557248E+3	40.468752E-9
1.557252E+3	44.611473E-9
1.557256E+3	49.637511E-9
1.557260E+3	54.724446E-9
1.557264E+3	63.098421E-9
1.557268E+3	72.069607E-9
1.557272E+3	80.378485E-9
1.557276E+3	90.524119E-9
1.557280E+3	103.663439E-9
1.557284E+3	116.668280E-9
1.557288E+3	128.100768E-9
1.557292E+3	144.318141E-9
1.557296E+3	160.382869E-9
1.557300E+3	173.953629E-9
1.557304E+3	189.370754E-9
1.557308E+3	210.535734E-9
1.557312E+3	230.563214E-9
1.557316E+3	243.794401E-9
1.557320E+3	263.502987E-9
1.557324E+3	280.074629E-9
1.557328E+3	294.096752E-9
1.557332E+3	310.734825E-9
1.557336E+3	329.772158E-9
1.557340E+3	346.369139E-9
1.557344E+3	359.886793E-9
1.557348E+3	377.480792E-9
1.557352E+3	393.164938E-9
1.557356E+3	405.530512E-9
1.557360E+3	418.480741E-9
1.557364E+3	432.400842E-9
1.557368E+3	443.771002E-9
1.557372E+3	452.456720E-9
1.557376E+3	462.837145E-9
1.557380E+3	471.104553E-9
1.557384E+3	476.129848E-9
1.557388E+3	479.860164E-9
1.557392E+3	482.375142E-9
1.557396E+3	483.621601E-9
1.557400E+3	483.993687E-9
1.557404E+3	482.406625E-9
1.557408E+3	479.466476E-9
1.557412E+3	476.060382E-9
1.557416E+3	471.589834E-9
1.557420E+3	464.422861E-9
1.557424E+3	456.366446E-9
1.557428E+3	448.127206E-9
1.557432E+3	435.704083E-9
1.557436E+3	423.021871E-9
1.557440E+3	412.144970E-9
1.557444E+3	399.341060E-9
1.557448E+3	383.461589E-9
1.557452E+3	367.492946E-9
1.557456E+3	353.266227E-9
1.557460E+3	336.357632E-9
1.557464E+3	315.992772E-9
1.557468E+3	296.437930E-9
1.557472E+3	280.866776E-9
1.557476E+3	259.823657E-9
1.557480E+3	239.541447E-9
1.557484E+3	223.433199E-9
1.557488E+3	204.847615E-9
1.557492E+3	183.155937E-9
1.557496E+3	164.487440E-9
1.557500E+3	149.696619E-9
1.557504E+3	130.693154E-9
1.557508E+3	112.905856E-9
1.557512E+3	98.586882E-9
1.557516E+3	82.412517E-9
1.557520E+3	68.179551E-9
1.557524E+3	55.637514E-9
1.557528E+3	47.623151E-9
1.557532E+3	37.181725E-9
1.557536E+3	28.051963E-9
1.557540E+3	21.771605E-9
1.557544E+3	16.132490E-9
1.557548E+3	11.304269E-9
1.557552E+3	8.373421E-9
1.557556E+3	7.236093E-9
1.557560E+3	7.488508E-9
1.557564E+3	9.341469E-9
1.557568E+3	12.234164E-9
1.557572E+3	16.617252E-9
1.557576E+3	23.710288E-9
1.557580E+3	31.380248E-9
1.557584E+3	38.546840E-9
1.557588E+3	50.140812E-9
1.557592E+3	62.492194E-9
1.557596E+3	73.674053E-9
1.557600E+3	87.187492E-9
1.557604E+3	104.652068E-9
1.557608E+3	120.928790E-9
1.557612E+3	135.860011E-9
1.557616E+3	158.262221E-9
1.557620E+3	180.143692E-9
1.557624E+3	199.821853E-9
1.557628E+3	223.232720E-9
1.557632E+3	244.212861E-9
1.557636E+3	265.422634E-9
1.557640E+3	283.053723E-9
1.557644E+3	305.036421E-9
1.557648E+3	328.207087E-9
1.557652E+3	346.579038E-9
1.557656E+3	365.460785E-9
1.557660E+3	386.470610E-9
1.557664E+3	405.753380E-9
1.557668E+3	421.824813E-9
1.557672E+3	443.092197E-9
1.557676E+3	462.471189E-9
1.557680E+3	476.677392E-9
1.557684E+3	490.446040E-9
1.557688E+3	505.562239E-9
1.557692E+3	518.823719E-9
1.557696E+3	529.480473E-9
1.557700E+3	542.388172E-9
1.557704E+3	552.005592E-9
1.557708E+3	558.293046E-9
1.557712E+3	563.991204E-9
1.557716E+3	569.114651E-9
1.557720E+3	572.486371E-9
1.557724E+3	574.049660E-9
1.557728E+3	574.241383E-9
1.557732E+3	572.279667E-9
1.557736E+3	568.845726E-9
1.557740E+3	563.339423E-9
1.557744E+3	554.385973E-9
1.557748E+3	544.898343E-9
1.557752E+3	535.970104E-9
1.557756E+3	522.474634E-9
1.557760E+3	508.476479E-9
1.557764E+3	496.000407E-9
1.557768E+3	481.769706E-9
1.557772E+3	463.475081E-9
1.557776E+3	444.809473E-9
1.557780E+3	428.098607E-9
1.557784E+3	409.341650E-9
1.557788E+3	387.600727E-9
1.557792E+3	366.869772E-9
1.557796E+3	350.030787E-9
1.557800E+3	326.549069E-9
1.557804E+3	303.739294E-9
1.557808E+3	285.168979E-9
1.557812E+3	264.583574E-9
1.557816E+3	240.855937E-9
1.557820E+3	219.388683E-9
1.557824E+3	202.203147E-9
1.557828E+3	180.337654E-9
1.557832E+3	159.703174E-9
1.557836E+3	143.437175E-9
1.557840E+3	126.598552E-9
1.557844E+3	104.375450E-9
1.557848E+3	85.527932E-9
1.557852E+3	76.315515E-9
1.557856E+3	60.985977E-9
1.557860E+3	47.750852E-9
1.557864E+3	39.934610E-9
1.557868E+3	31.242122E-9
1.557872E+3	22.738544E-9
1.557876E+3	16.615928E-9
1.557880E+3	12.824759E-9
1.557884E+3	9.625026E-9
1.557888E+3	8.581140E-9
1.557892E+3	9.211403E-9
1.557896E+3	11.235121E-9
1.557900E+3	15.473217E-9
1.557904E+3	20.802953E-9
1.557908E+3	26.439312E-9
1.557912E+3	35.710037E-9
1.557916E+3	45.796075E-9
1.557920E+3	54.938534E-9
1.557924E+3	65.726374E-9
1.557928E+3	79.422335E-9
1.557932E+3	93.215049E-9
1.557936E+3	105.988614E-9
1.557940E+3	124.811714E-9
1.557944E+3	142.627234E-9
1.557948E+3	157.724311E-9
1.557952E+3	174.899880E-9
1.557956E+3	196.129427E-9
1.557960E+3	220.814601E-9
1.557964E+3	238.215673E-9
1.557968E+3	259.727514E-9
1.557972E+3	279.374593E-9
1.557976E+3	293.478871E-9
1.557980E+3	310.956508E-9
1.557984E+3	332.029276E-9
1.557988E+3	350.673730E-9
1.557992E+3	365.875198E-9
1.557996E+3	385.624862E-9
1.558000E+3	403.279792E-9
1.558004E+3	416.300688E-9
1.558008E+3	429.580735E-9
1.558012E+3	444.621380E-9
1.558016E+3	457.691194E-9
1.558020E+3	467.392721E-9
1.558024E+3	478.021908E-9
1.558028E+3	485.316780E-9
1.558032E+3	490.211254E-9
1.558036E+3	494.532922E-9
1.558040E+3	498.076467E-9
1.558044E+3	499.663425E-9
1.558048E+3	499.508747E-9
1.558052E+3	497.730415E-9
1.558056E+3	494.770298E-9
1.558060E+3	491.770468E-9
1.558064E+3	485.108688E-9
1.558068E+3	477.187528E-9
1.558072E+3	469.371418E-9
1.558076E+3	459.679311E-9
1.558080E+3	446.621534E-9
1.558084E+3	433.522052E-9
1.558088E+3	422.086626E-9
1.558092E+3	405.501327E-9
1.558096E+3	388.532205E-9
1.558100E+3	372.691197E-9
1.558104E+3	354.990710E-9
1.558108E+3	334.087046E-9
1.558112E+3	314.059634E-9
1.558116E+3	298.345650E-9
1.558120E+3	275.382698E-9
1.558124E+3	253.158537E-9
1.558128E+3	236.132444E-9
1.558132E+3	217.003820E-9
1.558136E+3	195.387568E-9
1.558140E+3	176.184119E-9
1.558144E+3	160.446625E-9
1.558148E+3	139.946530E-9
1.558152E+3	121.683456E-9
1.558156E+3	108.171474E-9
1.558160E+3	90.406020E-9
1.558164E+3	75.615241E-9
1.558168E+3	64.814826E-9
1.558172E+3	53.469260E-9
1.558176E+3	42.711178E-9
1.558180E+3	33.079479E-9
1.558184E+3	25.994984E-9
1.558188E+3	18.293528E-9
1.558192E+3	13.139096E-9
1.558196E+3	10.111590E-9
1.558200E+3	8.046373E-9
1.558204E+3	7.599030E-9
1.558208E+3	9.007071E-9
1.558212E+3	11.687178E-9
1.558216E+3	17.017311E-9
1.558220E+3	23.234059E-9
1.558224E+3	29.629325E-9
1.558228E+3	38.384980E-9
1.558232E+3	51.208108E-9
1.558236E+3	64.109676E-9
1.558240E+3	75.412487E-9
1.558244E+3	91.742680E-9
1.558248E+3	108.408640E-9
1.558252E+3	123.502505E-9
1.558256E+3	145.019626E-9
1.558260E+3	165.683024E-9
1.558264E+3	183.026702E-9
1.558268E+3	201.577605E-9
1.558272E+3	227.439985E-9
1.558276E+3	250.798582E-9
1.558280E+3	269.272105E-9
1.558284E+3	292.354209E-9
1.558288E+3	313.399659E-9
1.558292E+3	331.726012E-9
1.558296E+3	351.283199E-9
1.558300E+3	374.560480E-9
1.558304E+3	395.577874E-9
1.558308E+3	412.574868E-9
1.558312E+3	434.690782E-9
1.558316E+3	454.900243E-9
1.558320E+3	470.557533E-9
1.558324E+3	486.513315E-9
1.558328E+3	504.895201E-9
1.558332E+3	521.070365E-9
1.558336E+3	532.701789E-9
1.558340E+3	546.171556E-9
1.558344E+3	556.450624E-9
1.558348E+3	563.908671E-9
1.558352E+3	572.691609E-9
1.558356E+3	579.423597E-9
1.558360E+3	583.360193E-9
1.558364E+3	586.590495E-9
1.558368E+3	588.381067E-9
1.558372E+3	587.775183E-9
1.558376E+3	585.647146E-9
1.558380E+3	581.688786E-9
1.558384E+3	576.135728E-9
1.558388E+3	569.801285E-9
1.558392E+3	561.020343E-9
1.558396E+3	548.502073E-9
1.558400E+3	536.278742E-9
1.558404E+3	525.611359E-9
1.558408E+3	510.002938E-9
1.558412E+3	494.521772E-9
1.558416E+3	480.066449E-9
1.558420E+3	463.815094E-9
1.558424E+3	443.253553E-9
1.558428E+3	423.538273E-9
1.558432E+3	407.631844E-9
1.558436E+3	385.552722E-9
1.558440E+3	364.578481E-9
1.558444E+3	346.059212E-9
1.558448E+3	320.951189E-9
1.558452E+3	298.671121E-9
1.558456E+3	281.036411E-9
1.558460E+3	261.826493E-9
1.558464E+3	238.389396E-9
1.558468E+3	217.133860E-9
1.558472E+3	199.931520E-9
1.558476E+3	177.132290E-9
1.558480E+3	156.889142E-9
1.558484E+3	141.351199E-9
1.558488E+3	125.302462E-9
1.558492E+3	104.217853E-9
1.558496E+3	90.493648E-9
1.558500E+3	76.202509E-9
1.558504E+3	61.890011E-9
1.558508E+3	50.466796E-9
1.558512E+3	43.564968E-9
1.558516E+3	33.987937E-9
1.558520E+3	26.399557E-9
1.558524E+3	21.285727E-9
1.558528E+3	16.946333E-9
1.558532E+3	14.047025E-9
1.558536E+3	12.985335E-9
1.558540E+3	13.232380E-9
1.558544E+3	15.173819E-9
1.558548E+3	18.570996E-9
1.558552E+3	22.503254E-9
1.558556E+3	27.863807E-9
1.558560E+3	36.100534E-9
1.558564E+3	44.995109E-9
1.558568E+3	53.322964E-9
1.558572E+3	65.752388E-9
1.558576E+3	78.281270E-9
1.558580E+3	89.654354E-9
1.558584E+3	103.539500E-9
1.558588E+3	121.065789E-9
1.558592E+3	136.886450E-9
1.558596E+3	150.585896E-9
1.558600E+3	170.541321E-9
1.558604E+3	189.760430E-9
1.558608E+3	207.861978E-9
1.558612E+3	231.770887E-9
1.558616E+3	250.657986E-9
1.558620E+3	266.540912E-9
1.558624E+3	282.156146E-9
1.558628E+3	300.923067E-9
1.558632E+3	319.057192E-9
1.558636E+3	333.531576E-9
1.558640E+3	352.252237E-9
1.558644E+3	368.184050E-9
1.558648E+3	380.417648E-9
1.558652E+3	393.448988E-9
1.558656E+3	408.874017E-9
1.558660E+3	421.976080E-9
1.558664E+3	431.448749E-9
1.558668E+3	442.830736E-9
1.558672E+3	452.124855E-9
1.558676E+3	458.678297E-9
1.558680E+3	465.070681E-9
1.558684E+3	470.886758E-9
1.558688E+3	474.302622E-9
1.558692E+3	475.774545E-9
1.558696E+3	475.973886E-9
1.558700E+3	475.216360E-9
1.558704E+3	472.898089E-9
1.558708E+3	468.001088E-9
1.558712E+3	462.204799E-9
1.558716E+3	456.219752E-9
1.558720E+3	448.699722E-9
1.558724E+3	438.447163E-9
1.558728E+3	428.468135E-9
1.558732E+3	419.716262E-9
1.558736E+3	406.304441E-9
1.558740E+3	392.026446E-9
1.558744E+3	378.777521E-9
1.558748E+3	362.904864E-9
1.558752E+3	344.468666E-9
1.558756E+3	327.074077E-9
1.558760E+3	313.155203E-9
1.558764E+3	294.135532E-9
1.558768E+3	276.104639E-9
1.558772E+3	260.776048E-9
1.558776E+3	244.195716E-9
1.558780E+3	225.107717E-9
1.558784E+3	207.615988E-9
1.558788E+3	193.034522E-9
1.558792E+3	173.775307E-9
1.558796E+3	156.927376E-9
1.558800E+3	144.065425E-9
1.558804E+3	127.503882E-9
1.558808E+3	112.841997E-9
1.558812E+3	97.087279E-9
1.558816E+3	86.961657E-9
1.558820E+3	72.667497E-9
1.558824E+3	61.212237E-9
1.558828E+3	53.779521E-9
1.558832E+3	44.740085E-9
1.558836E+3	36.897493E-9
1.558840E+3	31.325164E-9
1.558844E+3	26.189857E-9
1.558848E+3	21.656477E-9
1.558852E+3	19.090156E-9
1.558856E+3	18.202117E-9
1.558860E+3	18.498454E-9
1.558864E+3	20.136087E-9
1.558868E+3	22.761094E-9
1.558872E+3	26.696611E-9
1.558876E+3	32.645425E-9
1.558880E+3	39.331528E-9
1.558884E+3	45.760505E-9
1.558888E+3	55.456348E-9
1.558892E+3	65.503250E-9
1.558896E+3	74.843388E-9
1.558900E+3	88.500979E-9
1.558904E+3	101.640210E-9
1.558908E+3	112.298161E-9
1.558912E+3	124.427146E-9
1.558916E+3	140.714249E-9
1.558920E+3	156.704878E-9
1.558924E+3	170.467911E-9
1.558928E+3	188.412470E-9
1.558932E+3	205.365341E-9
1.558936E+3	222.550365E-9
1.558940E+3	236.759458E-9
1.558944E+3	254.430076E-9
1.558948E+3	270.983988E-9
1.558952E+3	282.791479E-9
1.558956E+3	301.840267E-9
1.558960E+3	318.576073E-9
1.558964E+3	331.521295E-9
1.558968E+3	347.635503E-9
1.558972E+3	361.387772E-9
1.558976E+3	372.156868E-9
1.558980E+3	383.658372E-9
1.558984E+3	395.955009E-9
1.558988E+3	406.454631E-9
1.558992E+3	414.283478E-9
1.558996E+3	423.943662E-9
1.559000E+3	431.291192E-9
1.559004E+3	436.042739E-9
1.559008E+3	439.898705E-9
1.559012E+3	443.107469E-9
1.559016E+3	444.706925E-9
1.559020E+3	445.303826E-9
1.559024E+3	444.676980E-9
1.559028E+3	442.274929E-9
1.559032E+3	438.970444E-9
1.559036E+3	433.316756E-9
1.559040E+3	427.116289E-9
1.559044E+3	421.429232E-9
1.559048E+3	414.099291E-9
1.559052E+3	403.924995E-9
1.559056E+3	393.419086E-9
1.559060E+3	384.113856E-9
1.559064E+3	370.289993E-9
1.559068E+3	357.041285E-9
1.559072E+3	345.934977E-9
1.559076E+3	329.552540E-9
1.559080E+3	313.753296E-9
1.559084E+3	299.826390E-9
1.559088E+3	284.000219E-9
1.559092E+3	265.488449E-9
1.559096E+3	248.703896E-9
1.559100E+3	234.886129E-9
1.559104E+3	215.683040E-9
1.559108E+3	197.939659E-9
1.559112E+3	183.490375E-9
1.559116E+3	165.470484E-9
1.559120E+3	149.957098E-9
1.559124E+3	137.423886E-9
1.559128E+3	124.083387E-9
1.559132E+3	105.036303E-9
1.559136E+3	89.621146E-9
1.559140E+3	82.417091E-9
1.559144E+3	69.316230E-9
1.559148E+3	58.082528E-9
1.559152E+3	51.078119E-9
1.559156E+3	41.018164E-9
1.559160E+3	32.756786E-9
1.559164E+3	26.678850E-9
1.559168E+3	20.757367E-9
1.559172E+3	15.083371E-9
1.559176E+3	11.337839E-9
1.559180E+3	9.139348E-9
1.559184E+3	7.317092E-9
1.559188E+3	6.713771E-9
1.559192E+3	7.192617E-9
1.559196E+3	8.943543E-9
1.559200E+3	11.829275E-9
1.559204E+3	15.126083E-9
1.559208E+3	19.660082E-9
1.559212E+3	26.168229E-9
1.559216E+3	33.443331E-9
1.559220E+3	40.682378E-9
1.559224E+3	51.031412E-9
1.559228E+3	61.284824E-9
1.559232E+3	70.359737E-9
1.559236E+3	83.331834E-9
1.559240E+3	96.257817E-9
1.559244E+3	107.398720E-9
1.559248E+3	120.050030E-9
1.559252E+3	135.808737E-9
1.559256E+3	150.332356E-9
1.559260E+3	162.187030E-9
1.559264E+3	177.745145E-9
1.559268E+3	191.426779E-9
1.559272E+3	203.285333E-9
1.559276E+3	222.960642E-9
1.559280E+3	237.362072E-9
1.559284E+3	248.427192E-9
1.559288E+3	260.212589E-9
1.559292E+3	273.277654E-9
1.559296E+3	287.271174E-9
1.559300E+3	298.214824E-9
1.559304E+3	312.152040E-9
1.559308E+3	324.058011E-9
1.559312E+3	333.077110E-9
1.559316E+3	343.636537E-9
1.559320E+3	352.183268E-9
1.559324E+3	358.792301E-9
1.559328E+3	365.679388E-9
1.559332E+3	372.793714E-9
1.559336E+3	378.296394E-9
1.559340E+3	382.094831E-9
1.559344E+3	385.302930E-9
1.559348E+3	387.232858E-9
1.559352E+3	387.678629E-9
1.559356E+3	387.424996E-9
1.559360E+3	386.167269E-9
1.559364E+3	383.978108E-9
1.559368E+3	380.750395E-9
1.559372E+3	375.513003E-9
1.559376E+3	369.445100E-9
1.559380E+3	363.931706E-9
1.559384E+3	355.227497E-9
1.559388E+3	346.751991E-9
1.559392E+3	339.247405E-9
1.559396E+3	328.266471E-9
1.559400E+3	317.360634E-9
1.559404E+3	307.852965E-9
1.559408E+3	296.910176E-9
1.559412E+3	284.085598E-9
1.559416E+3	272.188012E-9
1.559420E+3	261.851567E-9
1.559424E+3	247.245634E-9
1.559428E+3	233.580663E-9
1.559432E+3	222.443675E-9
1.559436E+3	207.770368E-9
1.559440E+3	194.675381E-9
1.559444E+3	183.977026E-9
1.559448E+3	172.026249E-9
1.559452E+3	157.923307E-9
1.559456E+3	145.069821E-9
1.559460E+3	134.462555E-9
1.559464E+3	121.017799E-9
1.559468E+3	109.335742E-9
1.559472E+3	97.987091E-9
1.559476E+3	89.296205E-9
1.559480E+3	79.794402E-9
1.559484E+3	72.782669E-9
1.559488E+3	65.980158E-9
1.559492E+3	59.375102E-9
1.559496E+3	54.051777E-9
1.559500E+3	50.291795E-9
1.559504E+3	45.855922E-9
1.559508E+3	42.763224E-9
1.559512E+3	41.029930E-9
1.559516E+3	39.728964E-9
1.559520E+3	39.372295E-9
1.559524E+3	39.771057E-9
1.559528E+3	40.883725E-9
1.559532E+3	43.490221E-9
1.559536E+3	46.756700E-9
1.559540E+3	50.067053E-9
1.559544E+3	55.251214E-9
1.559548E+3	60.564204E-9
1.559552E+3	65.584537E-9
1.559556E+3	73.184286E-9
1.559560E+3	80.881877E-9
1.559564E+3	87.865153E-9
1.559568E+3	96.090165E-9
1.559572E+3	106.467717E-9
1.559576E+3	116.024193E-9
1.559580E+3	123.739036E-9
1.559584E+3	134.667672E-9
1.559588E+3	145.201539E-9
1.559592E+3	153.813850E-9
1.559596E+3	165.517243E-9
1.559600E+3	175.946671E-9
1.559604E+3	184.216826E-9
1.559608E+3	193.279538E-9
1.559612E+3	204.227633E-9
1.559616E+3	216.567943E-9
1.559620E+3	224.833441E-9
1.559624E+3	234.879280E-9
1.559628E+3	243.547618E-9
1.559632E+3	249.600220E-9
1.559636E+3	258.005489E-9
1.559640E+3	265.228742E-9
1.559644E+3	270.587765E-9
1.559648E+3	276.365451E-9
1.559652E+3	282.753684E-9
1.559656E+3	287.936205E-9
1.559660E+3	291.213937E-9
1.559664E+3	294.588178E-9
1.559668E+3	297.115937E-9
1.559672E+3	298.602433E-9
1.559676E+3	300.080464E-9
1.559680E+3	300.816907E-9
1.559684E+3	300.693757E-9
1.559688E+3	299.749619E-9
1.559692E+3	297.858389E-9
1.559696E+3	295.383308E-9
1.559700E+3	292.567232E-9
1.559704E+3	287.602783E-9
1.559708E+3	282.838009E-9
1.559712E+3	278.757953E-9
1.559716E+3	273.267075E-9
1.559720E+3	267.181969E-9
1.559724E+3	261.227180E-9
1.559728E+3	253.954383E-9
1.559732E+3	245.072068E-9
1.559736E+3	236.727056E-9
1.559740E+3	229.748482E-9
1.559744E+3	219.916809E-9
1.559748E+3	211.127859E-9
1.559752E+3	203.877265E-9
1.559756E+3	193.731481E-9
1.559760E+3	184.829570E-9
1.559764E+3	177.712212E-9
1.559768E+3	169.686280E-9
1.559772E+3	160.208203E-9
1.559776E+3	151.597405E-9
1.559780E+3	144.806292E-9
1.559784E+3	135.955793E-9
1.559788E+3	127.729500E-9
1.559792E+3	121.017045E-9
1.559796E+3	112.021222E-9
1.559800E+3	103.901846E-9
1.559804E+3	97.946714E-9
1.559808E+3	91.379642E-9
1.559812E+3	85.534118E-9
1.559816E+3	80.263347E-9
1.559820E+3	77.015841E-9
1.559824E+3	72.764068E-9
1.559828E+3	69.102867E-9
1.559832E+3	66.519366E-9
1.559836E+3	63.735000E-9
1.559840E+3	61.785109E-9
1.559844E+3	60.762405E-9
1.559848E+3	60.182519E-9
1.559852E+3	60.103420E-9
1.559856E+3	60.538455E-9
1.559860E+3	61.378002E-9
1.559864E+3	62.940551E-9
1.559868E+3	64.868442E-9
1.559872E+3	66.869512E-9
1.559876E+3	70.165676E-9
1.559880E+3	73.988785E-9
1.559884E+3	77.330748E-9
1.559888E+3	81.318821E-9
1.559892E+3	86.528305E-9
1.559896E+3	91.655141E-9
1.559900E+3	96.156550E-9
1.559904E+3	102.146062E-9
1.559908E+3	107.790436E-9
1.559912E+3	112.452470E-9
1.559916E+3	118.926363E-9
1.559920E+3	125.107420E-9
1.559924E+3	130.303503E-9
1.559928E+3	136.183656E-9
1.559932E+3	143.665342E-9
1.559936E+3	150.850586E-9
1.559940E+3	156.382963E-9
1.559944E+3	163.722119E-9
1.559948E+3	170.687755E-9
1.559952E+3	176.111634E-9
1.559956E+3	183.169665E-9
1.559960E+3	189.218216E-9
1.559964E+3	193.862157E-9
1.559968E+3	198.883606E-9
1.559972E+3	204.269400E-9
1.559976E+3	208.580848E-9
1.559980E+3	211.610330E-9
1.559984E+3	217.059352E-9
1.559988E+3	221.476114E-9
1.559992E+3	224.585995E-9
1.559996E+3	228.046985E-9
1.560000E+3	230.570676E-9
1.560004E+3	232.506995E-9
1.560008E+3	234.565861E-9
1.560012E+3	236.591505E-9
1.560016E+3	237.715091E-9
1.560020E+3	237.913172E-9
1.560024E+3	237.872957E-9
1.560028E+3	237.591835E-9
1.560032E+3	237.554265E-9
1.560036E+3	236.778308E-9
1.560040E+3	235.581858E-9
1.560044E+3	233.758069E-9
1.560048E+3	231.146000E-9
1.560052E+3	228.628829E-9
1.560056E+3	226.679540E-9
1.560060E+3	223.870240E-9
1.560064E+3	220.016261E-9
1.560068E+3	215.501961E-9
1.560072E+3	211.459138E-9
1.560076E+3	206.247255E-9
1.560080E+3	201.885018E-9
1.560084E+3	198.254118E-9
1.560088E+3	193.146440E-9
1.560092E+3	187.825901E-9
1.560096E+3	183.310162E-9
1.560100E+3	177.061310E-9
1.560104E+3	171.274659E-9
1.560108E+3	166.521746E-9
1.560112E+3	161.168345E-9
1.560116E+3	155.096865E-9
1.560120E+3	149.668987E-9
1.560124E+3	145.490692E-9
1.560128E+3	140.053891E-9
1.560132E+3	135.153451E-9
1.560136E+3	131.230908E-9
1.560140E+3	126.013920E-9
1.560144E+3	121.228607E-9
1.560148E+3	117.408086E-9
1.560152E+3	112.449895E-9
1.560156E+3	108.253018E-9
1.560160E+3	105.172008E-9
1.560164E+3	102.283210E-9
1.560168E+3	98.676661E-9
1.560172E+3	95.286320E-9
1.560176E+3	92.997554E-9
1.560180E+3	90.086524E-9
1.560184E+3	88.068335E-9
1.560188E+3	86.492934E-9
1.560192E+3	84.499291E-9
1.560196E+3	82.944976E-9
1.560200E+3	81.907368E-9
1.560204E+3	81.044375E-9
1.560208E+3	80.606439E-9
1.560212E+3	80.593527E-9
1.560216E+3	80.961863E-9
1.560220E+3	81.708660E-9
1.560224E+3	82.732681E-9
1.560228E+3	83.789395E-9
1.560232E+3	85.677161E-9
1.560236E+3	87.591656E-9
1.560240E+3	89.399238E-9
1.560244E+3	92.104978E-9
1.560248E+3	94.831035E-9
1.560252E+3	97.388101E-9
1.560256E+3	101.048173E-9
1.560260E+3	104.657216E-9
1.560264E+3	107.681147E-9
1.560268E+3	111.100561E-9
1.560272E+3	115.252171E-9
1.560276E+3	119.271339E-9
1.560280E+3	122.712956E-9
1.560284E+3	128.012322E-9
1.560288E+3	132.978547E-9
1.560292E+3	136.941643E-9
1.560296E+3	142.062065E-9
1.560300E+3	147.236844E-9
1.560304E+3	151.756325E-9
1.560308E+3	157.776448E-9
1.560312E+3	163.200717E-9
1.560316E+3	167.511240E-9
1.560320E+3	172.109800E-9
1.560324E+3	177.597369E-9
1.560328E+3	182.722036E-9
1.560332E+3	186.885749E-9
1.560336E+3	192.014565E-9
1.560340E+3	196.570773E-9
1.560344E+3	200.504888E-9
1.560348E+3	205.326065E-9
1.560352E+3	209.830573E-9
1.560356E+3	213.847401E-9
1.560360E+3	219.007913E-9
1.560364E+3	222.593960E-9
1.560368E+3	224.913577E-9
1.560372E+3	227.198163E-9
1.560376E+3	229.770606E-9
1.560380E+3	232.221365E-9
1.560384E+3	234.114570E-9
1.560388E+3	236.025545E-9
1.560392E+3	237.643198E-9
1.560396E+3	238.823019E-9
1.560400E+3	239.962316E-9
1.560404E+3	240.128997E-9
1.560408E+3	240.151582E-9
1.560412E+3	239.918351E-9
1.560416E+3	239.430214E-9
1.560420E+3	238.695607E-9
1.560424E+3	237.428178E-9
1.560428E+3	235.393011E-9
1.560432E+3	233.204847E-9
1.560436E+3	231.138818E-9
1.560440E+3	227.775246E-9
1.560444E+3	224.255719E-9
1.560448E+3	220.827065E-9
1.560452E+3	216.025237E-9
1.560456E+3	211.538231E-9
1.560460E+3	208.230955E-9
1.560464E+3	203.319907E-9
1.560468E+3	198.275806E-9
1.560472E+3	193.837348E-9
1.560476E+3	187.682044E-9
1.560480E+3	182.348561E-9
1.560484E+3	178.053023E-9
1.560488E+3	173.135606E-9
1.560492E+3	166.833341E-9
1.560496E+3	160.530891E-9
1.560500E+3	155.264401E-9
1.560504E+3	148.603037E-9
1.560508E+3	142.516811E-9
1.560512E+3	137.879264E-9
1.560516E+3	131.589362E-9
1.560520E+3	125.596239E-9
1.560524E+3	120.576645E-9
1.560528E+3	114.503917E-9
1.560532E+3	109.433074E-9
1.560536E+3	105.519004E-9
1.560540E+3	100.115668E-9
1.560544E+3	94.569882E-9
1.560548E+3	91.447473E-9
1.560552E+3	88.338694E-9
1.560556E+3	84.887368E-9
1.560560E+3	82.316729E-9
1.560564E+3	80.205538E-9
1.560568E+3	77.778883E-9
1.560572E+3	76.157138E-9
1.560576E+3	75.326285E-9
1.560580E+3	74.822395E-9
1.560584E+3	74.866036E-9
1.560588E+3	75.208103E-9
1.560592E+3	76.122328E-9
1.560596E+3	77.827359E-9
1.560600E+3	79.968816E-9
1.560604E+3	82.141005E-9
1.560608E+3	85.515913E-9
1.560612E+3	89.128560E-9
1.560616E+3	92.564839E-9
1.560620E+3	97.561006E-9
1.560624E+3	102.648745E-9
1.560628E+3	106.970556E-9
1.560632E+3	112.978314E-9
1.560636E+3	118.935690E-9
1.560640E+3	124.083436E-9
1.560644E+3	130.056056E-9
1.560648E+3	137.893562E-9
1.560652E+3	145.536025E-9
1.560656E+3	152.004019E-9
1.560660E+3	160.614527E-9
1.560664E+3	168.628542E-9
1.560668E+3	175.173645E-9
1.560672E+3	184.363311E-9
1.560676E+3	193.290494E-9
1.560680E+3	200.539608E-9
1.560684E+3	209.419679E-9
1.560688E+3	219.366162E-9
1.560692E+3	225.093708E-9
1.560696E+3	231.689865E-9
1.560700E+3	239.145528E-9
1.560704E+3	245.157866E-9
1.560708E+3	250.984351E-9
1.560712E+3	258.245508E-9
1.560716E+3	264.572440E-9
1.560720E+3	269.200252E-9
1.560724E+3	274.626083E-9
1.560728E+3	279.370259E-9
1.560732E+3	282.756104E-9
1.560736E+3	286.459915E-9
1.560740E+3	288.936842E-9
1.560744E+3	290.586177E-9
1.560748E+3	291.751007E-9
1.560752E+3	292.591965E-9
1.560756E+3	292.773851E-9
1.560760E+3	292.261143E-9
1.560764E+3	290.982028E-9
1.560768E+3	289.087308E-9
1.560772E+3	287.328797E-9
1.560776E+3	283.854459E-9
1.560780E+3	280.401746E-9
1.560784E+3	276.937384E-9
1.560788E+3	271.905431E-9
1.560792E+3	266.135623E-9
1.560796E+3	260.903058E-9
1.560800E+3	255.035819E-9
1.560804E+3	247.197082E-9
1.560808E+3	238.819467E-9
1.560812E+3	231.250851E-9
1.560816E+3	220.535882E-9
1.560820E+3	210.461300E-9
1.560824E+3	202.533393E-9
1.560828E+3	191.982541E-9
1.560832E+3	182.046434E-9
1.560836E+3	173.009342E-9
1.560840E+3	160.711669E-9
1.560844E+3	149.585752E-9
1.560848E+3	141.144812E-9
1.560852E+3	131.863236E-9
1.560856E+3	120.861496E-9
1.560860E+3	111.094713E-9
1.560864E+3	100.401762E-9
1.560868E+3	92.655671E-9
1.560872E+3	83.207716E-9
1.560876E+3	76.388391E-9
1.560880E+3	68.711654E-9
1.560884E+3	62.247437E-9
1.560888E+3	56.818751E-9
1.560892E+3	49.522760E-9
1.560896E+3	43.556623E-9
1.560900E+3	39.449462E-9
1.560904E+3	35.506460E-9
1.560908E+3	31.734089E-9
1.560912E+3	28.978088E-9
1.560916E+3	27.444861E-9
1.560920E+3	26.256970E-9
1.560924E+3	26.106018E-9
1.560928E+3	26.706561E-9
1.560932E+3	28.595721E-9
1.560936E+3	31.252513E-9
1.560940E+3	34.155992E-9
1.560944E+3	39.100050E-9
1.560948E+3	44.284713E-9
1.560952E+3	49.346895E-9
1.560956E+3	55.610733E-9
1.560960E+3	63.568436E-9
1.560964E+3	71.417366E-9
1.560968E+3	78.597276E-9
1.560972E+3	88.960513E-9
1.560976E+3	99.427977E-9
1.560980E+3	107.904905E-9
1.560984E+3	119.628680E-9
1.560988E+3	130.944199E-9
1.560992E+3	140.706729E-9
1.560996E+3	154.348186E-9
1.561000E+3	166.886060E-9
1.561004E+3	177.057797E-9
1.561008E+3	188.098659E-9
1.561012E+3	201.125216E-9
1.561016E+3	214.862515E-9
1.561020E+3	225.871639E-9
1.561024E+3	237.481073E-9
1.561028E+3	248.913744E-9
1.561032E+3	257.678298E-9
1.561036E+3	268.993929E-9
1.561040E+3	279.386253E-9
1.561044E+3	287.034882E-9
1.561048E+3	296.544524E-9
1.561052E+3	304.657332E-9
1.561056E+3	310.946192E-9
1.561060E+3	318.506105E-9
1.561064E+3	324.778222E-9
1.561068E+3	328.816739E-9
1.561072E+3	333.705492E-9
1.561076E+3	337.244870E-9
1.561080E+3	339.690302E-9
1.561084E+3	341.413747E-9
1.561088E+3	342.247011E-9
1.561092E+3	341.799538E-9
1.561096E+3	340.203206E-9
1.561100E+3	337.247005E-9
1.561104E+3	333.575585E-9
1.561108E+3	330.016568E-9
1.561112E+3	324.275620E-9
1.561116E+3	318.150133E-9
1.561120E+3	312.763277E-9
1.561124E+3	304.536355E-9
1.561128E+3	295.721657E-9
1.561132E+3	287.709681E-9
1.561136E+3	276.507840E-9
1.561140E+3	266.180983E-9
1.561144E+3	257.632217E-9
1.561148E+3	245.106325E-9
1.561152E+3	232.684103E-9
1.561156E+3	222.213442E-9
1.561160E+3	209.947178E-9
1.561164E+3	195.463241E-9
1.561168E+3	182.459794E-9
1.561172E+3	171.223624E-9
1.561176E+3	156.721056E-9
1.561180E+3	143.581613E-9
1.561184E+3	132.883302E-9
1.561188E+3	118.583338E-9
1.561192E+3	106.309371E-9
1.561196E+3	96.491715E-9
1.561200E+3	84.473804E-9
1.561204E+3	74.514878E-9
1.561208E+3	66.525225E-9
1.561212E+3	57.818798E-9
1.561216E+3	49.717287E-9
1.561220E+3	43.806837E-9
1.561224E+3	37.021143E-9
1.561228E+3	31.530784E-9
1.561232E+3	27.814629E-9
1.561236E+3	24.413889E-9
1.561240E+3	21.563189E-9
1.561244E+3	20.056566E-9
1.561248E+3	19.734089E-9
1.561252E+3	20.317672E-9
1.561256E+3	21.770571E-9
1.561260E+3	23.882042E-9
1.561264E+3	27.872199E-9
1.561268E+3	32.589508E-9
1.561272E+3	36.997957E-9
1.561276E+3	43.894901E-9
1.561280E+3	51.155040E-9
1.561284E+3	57.975263E-9
1.561288E+3	68.432900E-9
1.561292E+3	79.269090E-9
1.561296E+3	88.556421E-9
1.561300E+3	101.638457E-9
1.561304E+3	114.375149E-9
1.561308E+3	124.926536E-9
1.561312E+3	139.448941E-9
1.561316E+3	153.167557E-9
1.561320E+3	165.126114E-9
1.561324E+3	178.470819E-9
1.561328E+3	194.038491E-9
1.561332E+3	207.816363E-9
1.561336E+3	221.376830E-9
1.561340E+3	235.758312E-9
1.561344E+3	249.203412E-9
1.561348E+3	259.770204E-9
1.561352E+3	271.928808E-9
1.561356E+3	283.921083E-9
1.561360E+3	292.995380E-9
1.561364E+3	304.105674E-9
1.561368E+3	313.968371E-9
1.561372E+3	322.077775E-9
1.561376E+3	331.698775E-9
1.561380E+3	338.988346E-9
1.561384E+3	343.971163E-9
1.561388E+3	349.940570E-9
1.561392E+3	354.641959E-9
1.561396E+3	357.940539E-9
1.561400E+3	360.848938E-9
1.561404E+3	362.700079E-9
1.561408E+3	363.287149E-9
1.561412E+3	362.657742E-9
1.561416E+3	360.663029E-9
1.561420E+3	357.516972E-9
1.561424E+3	354.382864E-9
1.561428E+3	348.942040E-9
1.561432E+3	342.936554E-9
1.561436E+3	337.235484E-9
1.561440E+3	328.607120E-9
1.561444E+3	320.513569E-9
1.561448E+3	313.073567E-9
1.561452E+3	301.482148E-9
1.561456E+3	289.852962E-9
1.561460E+3	280.151521E-9
1.561464E+3	267.185282E-9
1.561468E+3	254.648176E-9
1.561472E+3	243.556842E-9
1.561476E+3	230.662696E-9
1.561480E+3	214.294140E-9
1.561484E+3	199.467139E-9
1.561488E+3	187.802367E-9
1.561492E+3	172.871944E-9
1.561496E+3	159.618209E-9
1.561500E+3	148.322213E-9
1.561504E+3	133.342228E-9
1.561508E+3	119.438146E-9
1.561512E+3	108.471336E-9
1.561516E+3	93.407076E-9
1.561520E+3	82.481922E-9
1.561524E+3	73.739885E-9
1.561528E+3	62.370925E-9
1.561532E+3	53.076454E-9
1.561536E+3	45.272785E-9
1.561540E+3	35.998185E-9
1.561544E+3	28.397907E-9
1.561548E+3	23.059540E-9
1.561552E+3	18.002127E-9
1.561556E+3	13.220709E-9
1.561560E+3	9.947285E-9
1.561564E+3	8.286799E-9
1.561568E+3	7.491714E-9
1.561572E+3	7.939876E-9
1.561576E+3	9.205453E-9
1.561580E+3	12.159133E-9
1.561584E+3	16.095887E-9
1.561588E+3	20.510174E-9
1.561592E+3	27.497448E-9
1.561596E+3	34.383274E-9
1.561600E+3	40.803022E-9
1.561604E+3	50.648443E-9
1.561608E+3	61.247711E-9
1.561612E+3	70.782199E-9
1.561616E+3	83.877723E-9
1.561620E+3	96.249393E-9
1.561624E+3	106.654395E-9
1.561628E+3	119.263692E-9
1.561632E+3	135.989093E-9
1.561636E+3	151.222734E-9
1.561640E+3	163.380901E-9
1.561644E+3	180.529334E-9
1.561648E+3	196.392664E-9
1.561652E+3	209.625439E-9
1.561656E+3	229.854826E-9
1.561660E+3	243.999119E-9
1.561664E+3	256.286116E-9
1.561668E+3	273.079670E-9
1.561672E+3	287.075727E-9
1.561676E+3	298.054901E-9
1.561680E+3	311.555862E-9
1.561684E+3	323.891823E-9
1.561688E+3	334.263907E-9
1.561692E+3	347.111385E-9
1.561696E+3	357.398912E-9
1.561700E+3	364.572131E-9
1.561704E+3	372.091485E-9
1.561708E+3	380.353309E-9
1.561712E+3	386.334764E-9
1.561716E+3	390.363086E-9
1.561720E+3	394.349209E-9
1.561724E+3	396.555268E-9
1.561728E+3	397.778136E-9
1.561732E+3	397.946454E-9
1.561736E+3	396.424748E-9
1.561740E+3	394.389237E-9
1.561744E+3	390.109693E-9
1.561748E+3	384.999828E-9
1.561752E+3	380.405954E-9
1.561756E+3	373.198089E-9
1.561760E+3	365.523875E-9
1.561764E+3	358.519823E-9
1.561768E+3	347.581175E-9
1.561772E+3	336.758141E-9
1.561776E+3	327.094185E-9
1.561780E+3	315.531434E-9
1.561784E+3	301.446869E-9
1.561788E+3	287.751658E-9
1.561792E+3	275.063386E-9
1.561796E+3	256.630187E-9
1.561800E+3	239.763636E-9
1.561804E+3	226.842084E-9
1.561808E+3	209.713315E-9
1.561812E+3	193.741030E-9
1.561816E+3	180.660696E-9
1.561820E+3	163.506338E-9
1.561824E+3	147.874538E-9
1.561828E+3	135.064928E-9
1.561832E+3	118.087247E-9
1.561836E+3	101.517154E-9
1.561840E+3	89.393373E-9
1.561844E+3	79.353345E-9
1.561848E+3	68.002399E-9
1.561852E+3	59.066047E-9
1.561856E+3	50.576417E-9
1.561860E+3	40.488998E-9
1.561864E+3	32.547979E-9
1.561868E+3	26.623244E-9
1.561872E+3	19.448638E-9
1.561876E+3	13.984655E-9
1.561880E+3	10.903124E-9
1.561884E+3	8.149870E-9
1.561888E+3	6.876161E-9
1.561892E+3	6.800127E-9
1.561896E+3	8.163839E-9
1.561900E+3	10.682875E-9
1.561904E+3	13.804600E-9
1.561908E+3	19.386975E-9
1.561912E+3	25.738487E-9
1.561916E+3	31.561062E-9
1.561920E+3	40.501015E-9
1.561924E+3	49.665902E-9
1.561928E+3	58.436091E-9
1.561932E+3	69.434588E-9
1.561936E+3	83.318861E-9
1.561940E+3	96.516352E-9
1.561944E+3	107.529644E-9
1.561948E+3	123.053306E-9
1.561952E+3	138.376629E-9
1.561956E+3	151.223630E-9
1.561960E+3	168.647517E-9
1.561964E+3	184.685392E-9
1.561968E+3	197.236472E-9
1.561972E+3	215.037783E-9
1.561976E+3	232.168864E-9
1.561980E+3	243.900594E-9
1.561984E+3	260.971901E-9
1.561988E+3	274.945401E-9
1.561992E+3	286.129446E-9
1.561996E+3	301.938979E-9
1.562000E+3	315.708269E-9
1.562004E+3	326.440759E-9
1.562008E+3	339.998934E-9
1.562012E+3	351.322661E-9
1.562016E+3	360.200421E-9
1.562020E+3	370.846370E-9
1.562024E+3	379.636363E-9
1.562028E+3	385.831517E-9
1.562032E+3	392.539234E-9
1.562036E+3	397.682646E-9
1.562040E+3	400.887001E-9
1.562044E+3	403.815869E-9
1.562048E+3	406.059862E-9
1.562052E+3	406.794100E-9
1.562056E+3	406.148243E-9
1.562060E+3	403.495973E-9
1.562064E+3	399.837246E-9
1.562068E+3	396.215617E-9
1.562072E+3	390.289581E-9
1.562076E+3	383.967317E-9
1.562080E+3	377.727429E-9
1.562084E+3	367.698250E-9
1.562088E+3	357.346338E-9
1.562092E+3	348.529197E-9
1.562096E+3	336.079684E-9
1.562100E+3	324.696278E-9
1.562104E+3	314.561206E-9
1.562108E+3	299.670666E-9
1.562112E+3	285.058070E-9
1.562116E+3	272.825381E-9
1.562120E+3	256.623162E-9
1.562124E+3	241.717835E-9
1.562128E+3	229.250101E-9
1.562132E+3	212.595554E-9
1.562136E+3	197.126187E-9
1.562140E+3	183.868675E-9
1.562144E+3	166.547645E-9
1.562148E+3	150.637316E-9
1.562152E+3	138.220694E-9
1.562156E+3	122.864046E-9
1.562160E+3	109.279057E-9
1.562164E+3	96.814938E-9
1.562168E+3	81.645321E-9
1.562172E+3	69.533885E-9
1.562176E+3	60.279207E-9
1.562180E+3	50.413859E-9
1.562184E+3	40.968956E-9
1.562188E+3	33.829515E-9
1.562192E+3	25.562992E-9
1.562196E+3	19.387994E-9
1.562200E+3	14.976944E-9
1.562204E+3	10.397891E-9
1.562208E+3	7.438937E-9
1.562212E+3	5.870568E-9
1.562216E+3	4.913785E-9
1.562220E+3	5.174101E-9
1.562224E+3	6.216184E-9
1.562228E+3	8.885838E-9
1.562232E+3	12.295990E-9
1.562236E+3	15.916286E-9
1.562240E+3	21.456221E-9
1.562244E+3	27.739914E-9
1.562248E+3	33.891711E-9
1.562252E+3	43.213355E-9
1.562256E+3	52.330828E-9
1.562260E+3	60.082442E-9
1.562264E+3	71.216219E-9
1.562268E+3	82.258035E-9
1.562272E+3	92.515704E-9
1.562276E+3	106.765464E-9
1.562280E+3	119.472964E-9
1.562284E+3	129.897884E-9
1.562288E+3	142.279587E-9
1.562292E+3	157.993854E-9
1.562296E+3	172.276476E-9
1.562300E+3	183.358270E-9
1.562304E+3	198.341198E-9
1.562308E+3	213.376901E-9
1.562312E+3	226.170936E-9
1.562316E+3	238.295649E-9
1.562320E+3	249.504989E-9
1.562324E+3	258.870556E-9
1.562328E+3	270.190820E-9
1.562332E+3	281.230274E-9
1.562336E+3	289.222039E-9
1.562340E+3	299.013154E-9
1.562344E+3	307.368986E-9
1.562348E+3	313.593085E-9
1.562352E+3	321.284318E-9
1.562356E+3	327.795892E-9
1.562360E+3	331.893588E-9
1.562364E+3	336.414197E-9
1.562368E+3	339.124153E-9
1.562372E+3	340.542530E-9
1.562376E+3	341.400823E-9
1.562380E+3	340.843054E-9
1.562384E+3	339.408015E-9
1.562388E+3	336.390522E-9
1.562392E+3	332.995143E-9
1.562396E+3	329.571819E-9
1.562400E+3	323.504333E-9
1.562404E+3	316.631630E-9
1.562408E+3	309.847283E-9
1.562412E+3	300.543003E-9
1.562416E+3	291.587182E-9
1.562420E+3	283.547306E-9
1.562424E+3	272.309724E-9
1.562428E+3	260.804710E-9
1.562432E+3	250.763252E-9
1.562436E+3	235.864828E-9
1.562440E+3	222.073691E-9
1.562444E+3	210.972728E-9
1.562448E+3	196.194579E-9
1.562452E+3	183.147592E-9
1.562456E+3	172.630907E-9
1.562460E+3	158.184063E-9
1.562464E+3	144.764318E-9
1.562468E+3	133.988592E-9
1.562472E+3	120.164188E-9
1.562476E+3	108.021620E-9
1.562480E+3	97.398738E-9
1.562484E+3	83.962945E-9
1.562488E+3	73.191955E-9
1.562492E+3	64.521695E-9
1.562496E+3	55.299786E-9
1.562500E+3	46.716381E-9
1.562504E+3	39.859041E-9
1.562508E+3	31.309805E-9
1.562512E+3	24.255874E-9
1.562516E+3	19.677642E-9
1.562520E+3	14.795802E-9
1.562524E+3	11.308077E-9
1.562528E+3	9.256601E-9
1.562532E+3	7.561351E-9
1.562536E+3	7.062733E-9
1.562540E+3	7.655129E-9
1.562544E+3	9.215644E-9
1.562548E+3	12.147677E-9
1.562552E+3	15.920236E-9
1.562556E+3	19.781185E-9
1.562560E+3	25.891807E-9
1.562564E+3	32.477623E-9
1.562568E+3	38.708430E-9
1.562572E+3	47.827342E-9
1.562576E+3	56.709674E-9
1.562580E+3	64.443049E-9
1.562584E+3	75.292366E-9
1.562588E+3	85.814561E-9
1.562592E+3	94.985454E-9
1.562596E+3	108.192132E-9
1.562600E+3	121.214760E-9
1.562604E+3	131.670367E-9
1.562608E+3	145.065039E-9
1.562612E+3	157.583990E-9
1.562616E+3	168.331245E-9
1.562620E+3	182.856865E-9
1.562624E+3	195.907318E-9
1.562628E+3	206.431498E-9
1.562632E+3	222.178024E-9
1.562636E+3	234.368111E-9
1.562640E+3	243.685795E-9
1.562644E+3	255.944979E-9
1.562648E+3	265.801258E-9
1.562652E+3	274.595974E-9
1.562656E+3	285.162675E-9
1.562660E+3	294.033397E-9
1.562664E+3	300.701051E-9
1.562668E+3	309.077863E-9
1.562672E+3	315.886446E-9
1.562676E+3	320.495202E-9
1.562680E+3	325.436186E-9
1.562684E+3	328.980601E-9
1.562688E+3	330.941658E-9
1.562692E+3	332.508253E-9
1.562696E+3	333.249594E-9
1.562700E+3	332.735732E-9
1.562704E+3	331.209218E-9
1.562708E+3	328.861742E-9
1.562712E+3	326.570468E-9
1.562716E+3	322.515199E-9
1.562720E+3	317.876110E-9
1.562724E+3	313.339207E-9
1.562728E+3	306.120968E-9
1.562732E+3	298.576087E-9
1.562736E+3	292.421877E-9
1.562740E+3	283.128955E-9
1.562744E+3	273.206682E-9
1.562748E+3	263.848266E-9
1.562752E+3	251.173518E-9
1.562756E+3	239.284463E-9
1.562760E+3	229.407047E-9
1.562764E+3	216.418570E-9
1.562768E+3	203.515870E-9
1.562772E+3	192.820040E-9
1.562776E+3	178.535474E-9
1.562780E+3	165.033863E-9
1.562784E+3	154.737348E-9
1.562788E+3	143.104092E-9
1.562792E+3	129.493111E-9
1.562796E+3	117.643150E-9
1.562800E+3	108.014338E-9
1.562804E+3	93.913121E-9
1.562808E+3	82.237229E-9
1.562812E+3	73.400409E-9
1.562816E+3	62.765238E-9
1.562820E+3	54.700509E-9
1.562824E+3	47.702446E-9
1.562828E+3	38.710709E-9
1.562832E+3	31.289057E-9
1.562836E+3	25.888187E-9
1.562840E+3	19.852125E-9
1.562844E+3	15.261549E-9
1.562848E+3	12.206944E-9
1.562852E+3	8.778932E-9
1.562856E+3	6.451482E-9
1.562860E+3	5.266456E-9
1.562864E+3	4.655298E-9
1.562868E+3	4.961526E-9
1.562872E+3	5.946553E-9
1.562876E+3	8.133699E-9
1.562880E+3	11.077991E-9
1.562884E+3	14.231181E-9
1.562888E+3	19.355340E-9
1.562892E+3	24.848545E-9
1.562896E+3	29.833366E-9
1.562900E+3	37.134485E-9
1.562904E+3	44.525514E-9
1.562908E+3	51.131775E-9
1.562912E+3	60.807052E-9
1.562916E+3	70.089152E-9
1.562920E+3	77.774030E-9
1.562924E+3	88.066303E-9
1.562928E+3	97.373920E-9
1.562932E+3	105.380515E-9
1.562936E+3	116.461113E-9
1.562940E+3	126.436438E-9
1.562944E+3	134.298331E-9
1.562948E+3	144.482398E-9
1.562952E+3	153.546111E-9
1.562956E+3	161.024675E-9
1.562960E+3	170.974193E-9
1.562964E+3	179.847620E-9
1.562968E+3	186.879163E-9
1.562972E+3	195.579950E-9
1.562976E+3	203.032227E-9
1.562980E+3	208.904260E-9
1.562984E+3	216.966415E-9
1.562988E+3	224.319590E-9
1.562992E+3	228.571946E-9
1.562996E+3	233.778401E-9
1.563000E+3	237.468026E-9
1.563004E+3	240.053123E-9
1.563008E+3	242.972497E-9
1.563012E+3	244.942577E-9
1.563016E+3	245.822105E-9
1.563020E+3	246.518208E-9
1.563024E+3	246.434212E-9
1.563028E+3	245.485698E-9
1.563032E+3	243.531412E-9
1.563036E+3	241.205723E-9
1.563040E+3	238.756735E-9
1.563044E+3	234.495767E-9
1.563048E+3	229.704824E-9
1.563052E+3	225.260118E-9
1.563056E+3	219.239621E-9
1.563060E+3	213.585653E-9
1.563064E+3	208.269052E-9
1.563068E+3	200.163235E-9
1.563072E+3	192.272045E-9
1.563076E+3	185.674302E-9
1.563080E+3	177.162741E-9
1.563084E+3	169.449587E-9
1.563088E+3	162.741640E-9
1.563092E+3	152.977882E-9
1.563096E+3	143.359188E-9
1.563100E+3	135.436970E-9
1.563104E+3	125.502949E-9
1.563108E+3	116.591419E-9
1.563112E+3	109.407888E-9
1.563116E+3	99.124157E-9
1.563120E+3	89.839395E-9
1.563124E+3	83.053685E-9
1.563128E+3	73.789255E-9
1.563132E+3	66.856881E-9
1.563136E+3	61.073055E-9
1.563140E+3	54.356477E-9
1.563144E+3	46.375252E-9
1.563148E+3	39.731998E-9
1.563152E+3	34.984308E-9
1.563156E+3	29.597332E-9
1.563160E+3	25.426109E-9
1.563164E+3	22.550280E-9
1.563168E+3	19.347314E-9
1.563172E+3	17.004783E-9
1.563176E+3	15.594250E-9
1.563180E+3	14.395211E-9
1.563184E+3	13.984898E-9
1.563188E+3	14.189363E-9
1.563192E+3	15.087591E-9
1.563196E+3	16.418966E-9
1.563200E+3	17.974089E-9
1.563204E+3	20.783393E-9
1.563208E+3	23.917548E-9
1.563212E+3	26.934352E-9
1.563216E+3	31.456977E-9
1.563220E+3	36.019085E-9
1.563224E+3	40.176711E-9
1.563228E+3	46.074965E-9
1.563232E+3	52.096518E-9
1.563236E+3	57.333746E-9
1.563240E+3	64.254045E-9
1.563244E+3	70.552182E-9
1.563248E+3	75.791528E-9
1.563252E+3	83.376206E-9
1.563256E+3	90.651218E-9
1.563260E+3	96.431902E-9
1.563264E+3	103.656160E-9
1.563268E+3	110.099097E-9
1.563272E+3	115.430846E-9
1.563276E+3	122.383290E-9
1.563280E+3	128.721576E-9
1.563284E+3	133.620754E-9
1.563288E+3	139.937370E-9
1.563292E+3	145.378182E-9
1.563296E+3	149.646160E-9
1.563300E+3	154.666781E-9
1.563304E+3	158.767278E-9
1.563308E+3	161.645514E-9
1.563312E+3	165.079362E-9
1.563316E+3	167.691518E-9
1.563320E+3	169.589359E-9
1.563324E+3	171.428843E-9
1.563328E+3	172.631262E-9
1.563332E+3	173.193771E-9
1.563336E+3	173.430927E-9
1.563340E+3	173.141506E-9
1.563344E+3	172.580546E-9
1.563348E+3	171.329140E-9
1.563352E+3	169.616854E-9
1.563356E+3	167.890857E-9
1.563360E+3	164.758104E-9
1.563364E+3	161.589522E-9
1.563368E+3	158.818890E-9
1.563372E+3	154.725956E-9
1.563376E+3	150.605058E-9
1.563380E+3	146.930378E-9
1.563384E+3	141.613732E-9
1.563388E+3	136.232622E-9
1.563392E+3	131.885335E-9
1.563396E+3	125.923207E-9
1.563400E+3	120.352950E-9
1.563404E+3	115.987336E-9
1.563408E+3	110.016723E-9
1.563412E+3	104.386505E-9
1.563416E+3	99.586902E-9
1.563420E+3	93.431034E-9
1.563424E+3	88.107451E-9
1.563428E+3	83.935364E-9
1.563432E+3	78.565238E-9
1.563436E+3	73.686824E-9
1.563440E+3	69.687270E-9
1.563444E+3	64.697063E-9
1.563448E+3	60.579827E-9
1.563452E+3	57.527928E-9
1.563456E+3	53.955404E-9
1.563460E+3	50.992484E-9
1.563464E+3	48.598887E-9
1.563468E+3	45.665156E-9
1.563472E+3	43.238511E-9
1.563476E+3	41.708819E-9
1.563480E+3	39.955117E-9
1.563484E+3	38.647921E-9
1.563488E+3	37.827755E-9
1.563492E+3	37.187325E-9
1.563496E+3	36.933922E-9
1.563500E+3	36.915864E-9
1.563504E+3	37.182117E-9
1.563508E+3	37.781002E-9
1.563512E+3	38.489191E-9
1.563516E+3	39.783332E-9
1.563520E+3	41.263594E-9
1.563524E+3	42.558257E-9
1.563528E+3	44.507201E-9
1.563532E+3	46.399740E-9
1.563536E+3	48.066793E-9
1.563540E+3	50.307562E-9
1.563544E+3	52.560920E-9
1.563548E+3	54.493315E-9
1.563552E+3	57.112470E-9
1.563556E+3	59.363030E-9
1.563560E+3	61.155416E-9
1.563564E+3	63.499181E-9
1.563568E+3	65.604296E-9
1.563572E+3	67.392004E-9
1.563576E+3	69.700522E-9
1.563580E+3	71.654698E-9
1.563584E+3	73.230058E-9
1.563588E+3	74.981056E-9
1.563592E+3	76.409906E-9
1.563596E+3	77.551936E-9
1.563600E+3	79.043604E-9
1.563604E+3	80.312347E-9
1.563608E+3	81.106050E-9
1.563612E+3	81.998328E-9
1.563616E+3	82.700014E-9
1.563620E+3	83.162170E-9
1.563624E+3	83.520237E-9
1.563628E+3	83.613095E-9
1.563632E+3	83.483934E-9
1.563636E+3	83.219802E-9
1.563640E+3	82.929209E-9
1.563644E+3	82.677471E-9
1.563648E+3	82.204065E-9
1.563652E+3	81.734764E-9
1.563656E+3	81.147512E-9
1.563660E+3	80.211207E-9
1.563664E+3	79.288114E-9
1.563668E+3	78.606286E-9
1.563672E+3	77.692689E-9
1.563676E+3	76.740142E-9
1.563680E+3	75.903699E-9
1.563684E+3	74.904131E-9
1.563688E+3	74.046729E-9
1.563692E+3	73.413159E-9
1.563696E+3	72.554060E-9
1.563700E+3	71.855658E-9
1.563704E+3	71.317377E-9
1.563708E+3	70.828563E-9
1.563712E+3	70.453181E-9
1.563716E+3	70.215248E-9
1.563720E+3	69.858999E-9
1.563724E+3	69.544959E-9
1.563728E+3	69.349368E-9
1.563732E+3	69.159710E-9
1.563736E+3	69.062532E-9
1.563740E+3	69.192597E-9
1.563744E+3	69.508779E-9
1.563748E+3	69.962148E-9
1.563752E+3	70.454153E-9
1.563756E+3	71.301547E-9
1.563760E+3	72.144395E-9
1.563764E+3	72.822360E-9
1.563768E+3	73.701900E-9
1.563772E+3	74.532726E-9
1.563776E+3	75.307026E-9
1.563780E+3	76.372256E-9
1.563784E+3	77.306140E-9
1.563788E+3	77.992545E-9
1.563792E+3	78.936854E-9
1.563796E+3	79.786476E-9
1.563800E+3	80.340481E-9
1.563804E+3	80.969291E-9
1.563808E+3	81.616370E-9
1.563812E+3	82.027831E-9
1.563816E+3	82.639551E-9
1.563820E+3	83.032773E-9
1.563824E+3	83.376844E-9
1.563828E+3	83.692781E-9
1.563832E+3	83.916659E-9
1.563836E+3	84.073868E-9
1.563840E+3	84.103700E-9
1.563844E+3	84.001832E-9
1.563848E+3	83.848148E-9
1.563852E+3	83.470950E-9
1.563856E+3	83.102864E-9
1.563860E+3	82.681628E-9
1.563864E+3	81.891389E-9
1.563868E+3	81.107349E-9
1.563872E+3	80.466120E-9
1.563876E+3	79.537293E-9
1.563880E+3	78.672976E-9
1.563884E+3	77.912521E-9
1.563888E+3	76.719886E-9
1.563892E+3	75.618092E-9
1.563896E+3	74.592267E-9
1.563900E+3	73.225527E-9
1.563904E+3	71.999189E-9
1.563908E+3	70.883732E-9
1.563912E+3	69.539862E-9
1.563916E+3	68.228862E-9
1.563920E+3	67.166527E-9
1.563924E+3	65.814093E-9
1.563928E+3	64.604553E-9
1.563932E+3	63.643679E-9
1.563936E+3	62.283128E-9
1.563940E+3	61.036606E-9
1.563944E+3	60.098687E-9
1.563948E+3	58.788689E-9
1.563952E+3	57.527271E-9
1.563956E+3	56.546877E-9
1.563960E+3	55.249853E-9
1.563964E+3	54.040797E-9
1.563968E+3	53.042219E-9
1.563972E+3	51.729599E-9
1.563976E+3	50.531431E-9
1.563980E+3	49.743590E-9
1.563984E+3	48.597339E-9
1.563988E+3	47.585163E-9
1.563992E+3	46.586134E-9
1.563996E+3	45.371230E-9
1.564000E+3	44.351356E-9
1.564004E+3	43.511654E-9
1.564008E+3	42.501059E-9
1.564012E+3	41.530238E-9
1.564016E+3	40.742596E-9
1.564020E+3	39.646449E-9
1.564024E+3	38.603433E-9
1.564028E+3	37.736968E-9
1.564032E+3	36.613427E-9
1.564036E+3	35.643919E-9
1.564040E+3	34.832102E-9
1.564044E+3	33.704326E-9
1.564048E+3	32.667269E-9
1.564052E+3	31.819584E-9
1.564056E+3	30.744356E-9
1.564060E+3	29.766733E-9
1.564064E+3	28.897858E-9
1.564068E+3	27.869250E-9
1.564072E+3	26.959569E-9
1.564076E+3	26.198252E-9
1.564080E+3	25.088097E-9
1.564084E+3	24.085535E-9
1.564088E+3	23.303355E-9
1.564092E+3	22.261362E-9
1.564096E+3	21.336325E-9
1.564100E+3	20.571545E-9
1.564104E+3	19.478291E-9
1.564108E+3	18.568069E-9
1.564112E+3	17.676558E-9
1.564116E+3	16.801801E-9
1.564120E+3	16.113243E-9
1.564124E+3	15.243845E-9
1.564128E+3	14.456806E-9
1.564132E+3	13.831039E-9
1.564136E+3	13.040869E-9
1.564140E+3	12.351712E-9
1.564144E+3	11.832094E-9
1.564148E+3	11.103013E-9
1.564152E+3	10.512081E-9
1.564156E+3	10.014704E-9
1.564160E+3	9.353123E-9
1.564164E+3	8.836020E-9
1.564168E+3	8.387203E-9
1.564172E+3	7.817230E-9
1.564176E+3	7.332742E-9
1.564180E+3	6.923692E-9
1.564184E+3	6.404705E-9
1.564188E+3	5.987175E-9
1.564192E+3	5.635323E-9
1.564196E+3	5.218468E-9
1.564200E+3	4.839246E-9
1.564204E+3	4.550566E-9
1.564208E+3	4.183592E-9
1.564212E+3	3.837499E-9
1.564216E+3	3.573933E-9
1.564220E+3	3.267573E-9
1.564224E+3	3.009094E-9
1.564228E+3	2.810377E-9
1.564232E+3	2.530254E-9
1.564236E+3	2.315665E-9
1.564240E+3	2.069729E-9
1.564244E+3	1.903034E-9
1.564248E+3	1.757965E-9
1.564252E+3	1.576710E-9
1.564256E+3	1.409911E-9
1.564260E+3	1.283910E-9
1.564264E+3	1.122591E-9
1.564268E+3	981.727018E-12
1.564272E+3	896.780826E-12
1.564276E+3	829.516109E-12
1.564280E+3	722.926053E-12
1.564284E+3	663.723932E-12
1.564288E+3	615.069944E-12
1.564292E+3	551.376200E-12
1.564296E+3	481.139808E-12
1.564300E+3	447.540479E-12
1.564304E+3	398.790071E-12
1.564308E+3	373.535881E-12
1.564312E+3	339.869293E-12
1.564316E+3	341.026078E-12
1.564320E+3	325.190918E-12
1.564324E+3	291.552910E-12
1.564328E+3	252.418489E-12
1.564332E+3	264.790881E-12
1.564336E+3	261.508960E-12
1.564340E+3	261.092600E-12
1.564344E+3	243.870601E-12
1.564348E+3	216.273797E-12
1.564352E+3	197.907809E-12
1.564356E+3	201.883609E-12
1.564360E+3	205.780922E-12
1.564364E+3	211.061495E-12
1.564368E+3	197.033839E-12
1.564372E+3	187.066750E-12
1.564376E+3	174.212354E-12
1.564380E+3	191.625453E-12
1.564384E+3	173.390542E-12
1.564388E+3	165.222467E-12
1.564392E+3	153.860677E-12
1.564396E+3	143.915118E-12
1.564400E+3	131.002131E-12
1.564404E+3	129.098209E-12
1.564408E+3	126.441658E-12
1.564412E+3	105.287847E-12
1.564416E+3	111.658644E-12
1.564420E+3	93.305038E-12
1.564424E+3	93.695987E-12
1.564428E+3	80.837100E-12
1.564432E+3	104.367031E-12
1.564436E+3	113.660935E-12
1.564440E+3	87.129600E-12
1.564444E+3	70.579990E-12
1.564448E+3	82.631412E-12
1.564452E+3	65.995951E-12
1.564456E+3	73.049750E-12
1.564460E+3	92.720401E-12
1.564464E+3	100.180499E-12
1.564468E+3	123.461396E-12
1.564472E+3	102.657053E-12
1.564476E+3	105.896567E-12
1.564480E+3	139.493858E-12
1.564484E+3	129.873050E-12
1.564488E+3	111.653194E-12
1.564492E+3	120.805786E-12
1.564496E+3	144.246329E-12
1.564500E+3	154.005468E-12
1.564504E+3	168.382882E-12
1.564508E+3	182.541489E-12
1.564512E+3	169.868667E-12
1.564516E+3	184.799102E-12
1.564520E+3	188.288113E-12
1.564524E+3	184.372850E-12
1.564528E+3	201.915237E-12
1.564532E+3	219.537188E-12
1.564536E+3	207.827584E-12
1.564540E+3	222.157956E-12
1.564544E+3	221.627684E-12
1.564548E+3	251.416902E-12
1.564552E+3	232.523526E-12
1.564556E+3	237.338495E-12
1.564560E+3	259.226753E-12
1.564564E+3	249.564148E-12
1.564568E+3	263.591482E-12
1.564572E+3	279.384208E-12
1.564576E+3	254.862588E-12
1.564580E+3	272.722759E-12
1.564584E+3	248.953357E-12
1.564588E+3	274.496733E-12
1.564592E+3	273.872277E-12
1.564596E+3	252.027220E-12
1.564600E+3	257.451537E-12
1.564604E+3	260.322125E-12
1.564608E+3	255.909281E-12
1.564612E+3	266.076971E-12
1.564616E+3	265.206258E-12
1.564620E+3	252.244644E-12
1.564624E+3	229.959581E-12
1.564628E+3	221.764124E-12
1.564632E+3	230.001832E-12
1.564636E+3	237.177113E-12
1.564640E+3	231.978341E-12
1.564644E+3	238.734247E-12
1.564648E+3	249.976327E-12
1.564652E+3	210.140169E-12
1.564656E+3	238.166443E-12
1.564660E+3	215.409677E-12
1.564664E+3	215.185515E-12
1.564668E+3	225.374299E-12
1.564672E+3	211.090762E-12
1.564676E+3	216.447132E-12
1.564680E+3	224.238430E-12
1.564684E+3	194.857278E-12
1.564688E+3	225.575280E-12
1.564692E+3	208.207999E-12
1.564696E+3	200.230228E-12
1.564700E+3	199.646883E-12
1.564704E+3	188.306210E-12
1.564708E+3	192.818488E-12
1.564712E+3	179.233744E-12
1.564716E+3	179.550256E-12
1.564720E+3	197.110339E-12
1.564724E+3	206.350285E-12
1.564728E+3	212.781945E-12
1.564732E+3	205.505833E-12
1.564736E+3	226.273160E-12
1.564740E+3	217.715861E-12
1.564744E+3	194.396574E-12
1.564748E+3	230.885737E-12
1.564752E+3	216.449375E-12
1.564756E+3	164.760612E-12
1.564760E+3	208.558696E-12
1.564764E+3	208.027251E-12
1.564768E+3	223.131928E-12
1.564772E+3	218.283274E-12
1.564776E+3	207.792087E-12
1.564780E+3	214.690633E-12
1.564784E+3	207.441668E-12
1.564788E+3	220.939877E-12
1.564792E+3	207.732887E-12
1.564796E+3	244.046923E-12
1.564800E+3	231.099340E-12
1.564804E+3	211.892626E-12
1.564808E+3	237.539971E-12
1.564812E+3	230.407488E-12
1.564816E+3	209.639409E-12
1.564820E+3	226.790667E-12
1.564824E+3	221.304454E-12
1.564828E+3	218.974949E-12
1.564832E+3	227.516104E-12
1.564836E+3	217.506459E-12
1.564840E+3	193.119267E-12
1.564844E+3	204.799114E-12
1.564848E+3	197.992344E-12
1.564852E+3	195.442727E-12
1.564856E+3	212.583982E-12
1.564860E+3	197.424478E-12
1.564864E+3	192.661087E-12
1.564868E+3	200.488157E-12
1.564872E+3	180.232904E-12
1.564876E+3	178.678469E-12
1.564880E+3	163.164463E-12
1.564884E+3	160.861460E-12
1.564888E+3	170.343842E-12
1.564892E+3	193.745050E-12
1.564896E+3	169.967008E-12
1.564900E+3	149.237632E-12
1.564904E+3	154.828018E-12
1.564908E+3	171.527982E-12
1.564912E+3	165.773442E-12
1.564916E+3	161.133485E-12
1.564920E+3	145.743490E-12
1.564924E+3	169.892567E-12
1.564928E+3	149.084700E-12
1.564932E+3	144.851321E-12
1.564936E+3	150.096015E-12
1.564940E+3	147.966686E-12
1.564944E+3	125.470921E-12
1.564948E+3	133.693763E-12
1.564952E+3	130.964619E-12
1.564956E+3	149.445803E-12
1.564960E+3	148.678368E-12
1.564964E+3	116.535277E-12
1.564968E+3	119.054739E-12
1.564972E+3	139.553002E-12
1.564976E+3	121.154493E-12
1.564980E+3	133.531384E-12
1.564984E+3	123.828406E-12
1.564988E+3	120.594611E-12
1.564992E+3	115.362964E-12
1.564996E+3	100.343311E-12
1.565000E+3	133.636504E-12
1.565004E+3	141.744342E-12
1.565008E+3	129.426566E-12
1.565012E+3	133.760502E-12
1.565016E+3	117.038735E-12
1.565020E+3	122.400479E-12
1.565024E+3	115.339923E-12
1.565028E+3	129.663086E-12
1.565032E+3	121.515185E-12
1.565036E+3	123.896004E-12
1.565040E+3	126.309176E-12
1.565044E+3	140.488107E-12
1.565048E+3	108.296817E-12
1.565052E+3	135.113070E-12
1.565056E+3	138.653259E-12
1.565060E+3	134.144589E-12
1.565064E+3	142.142316E-12
1.565068E+3	162.919470E-12
1.565072E+3	127.886243E-12
1.565076E+3	128.812815E-12
1.565080E+3	123.432038E-12
1.565084E+3	144.454752E-12
1.565088E+3	159.027722E-12
1.565092E+3	133.331897E-12
1.565096E+3	147.185076E-12
1.565100E+3	131.068913E-12
1.565104E+3	156.580393E-12
1.565108E+3	169.007932E-12
1.565112E+3	174.653434E-12
1.565116E+3	152.695316E-12
1.565120E+3	159.321554E-12
1.565124E+3	158.421359E-12
1.565128E+3	156.616451E-12
1.565132E+3	140.280066E-12
1.565136E+3	160.165348E-12
1.565140E+3	150.834007E-12
1.565144E+3	136.262266E-12
1.565148E+3	185.745144E-12
1.565152E+3	141.416314E-12
1.565156E+3	148.385694E-12
1.565160E+3	144.067232E-12
1.565164E+3	138.011476E-12
1.565168E+3	152.769204E-12
1.565172E+3	147.542442E-12
1.565176E+3	137.104885E-12
1.565180E+3	149.745579E-12
1.565184E+3	145.168024E-12
1.565188E+3	120.239922E-12
1.565192E+3	103.853670E-12
1.565196E+3	113.809273E-12
1.565200E+3	121.121884E-12
1.565204E+3	135.349697E-12
1.565208E+3	108.818921E-12
1.565212E+3	135.352688E-12
1.565216E+3	117.759318E-12
1.565220E+3	120.405238E-12
1.565224E+3	104.474327E-12
1.565228E+3	101.592073E-12
1.565232E+3	116.925288E-12
1.565236E+3	114.433763E-12
1.565240E+3	105.962503E-12
1.565244E+3	123.028743E-12
1.565248E+3	79.749262E-12
1.565252E+3	114.110100E-12
1.565256E+3	92.252761E-12
1.565260E+3	97.946392E-12
1.565264E+3	91.083203E-12
1.565268E+3	88.870347E-12
1.565272E+3	108.721464E-12
1.565276E+3	95.949128E-12
1.565280E+3	107.091087E-12
1.565284E+3	85.911359E-12
1.565288E+3	84.979097E-12
1.565292E+3	110.631626E-12
1.565296E+3	93.067004E-12
1.565300E+3	92.155981E-12
1.565304E+3	112.609801E-12
1.565308E+3	88.863650E-12
1.565312E+3	107.346047E-12
1.565316E+3	99.360096E-12
1.565320E+3	107.554598E-12
1.565324E+3	124.292420E-12
1.565328E+3	119.017507E-12
1.565332E+3	94.430425E-12
1.565336E+3	112.841450E-12
1.565340E+3	104.463686E-12
1.565344E+3	119.259849E-12
1.565348E+3	109.515755E-12
1.565352E+3	108.024307E-12
1.565356E+3	111.837845E-12
1.565360E+3	128.636375E-12
1.565364E+3	134.422868E-12
1.565368E+3	146.118283E-12
1.565372E+3	135.079162E-12
1.565376E+3	126.646802E-12
1.565380E+3	151.112109E-12
1.565384E+3	155.030249E-12
1.565388E+3	166.502378E-12
1.565392E+3	135.463879E-12
1.565396E+3	145.729626E-12
1.565400E+3	148.998735E-12
1.565404E+3	166.168734E-12
1.565408E+3	163.331905E-12
1.565412E+3	167.435994E-12
1.565416E+3	157.428502E-12
1.565420E+3	137.444175E-12
1.565424E+3	149.158457E-12
1.565428E+3	181.401761E-12
1.565432E+3	154.578797E-12
1.565436E+3	164.119601E-12
1.565440E+3	169.725021E-12
1.565444E+3	152.400584E-12
1.565448E+3	169.819268E-12
1.565452E+3	141.729367E-12
1.565456E+3	136.903705E-12
1.565460E+3	158.034663E-12
1.565464E+3	121.994040E-12
1.565468E+3	140.169681E-12
1.565472E+3	123.956021E-12
1.565476E+3	148.352395E-12
1.565480E+3	139.696963E-12
1.565484E+3	132.163628E-12
1.565488E+3	149.993002E-12
1.565492E+3	125.291254E-12
1.565496E+3	131.705855E-12
1.565500E+3	120.193589E-12
1.565504E+3	121.561292E-12
1.565508E+3	127.289773E-12
1.565512E+3	126.713739E-12
1.565516E+3	83.005570E-12
1.565520E+3	102.792955E-12
1.565524E+3	92.495425E-12
1.565528E+3	115.178022E-12
1.565532E+3	102.143043E-12
1.565536E+3	105.385778E-12
1.565540E+3	98.552990E-12
1.565544E+3	96.229997E-12
1.565548E+3	109.891186E-12
1.565552E+3	97.685933E-12
1.565556E+3	97.284654E-12
1.565560E+3	70.313286E-12
1.565564E+3	86.756538E-12
1.565568E+3	91.432582E-12
1.565572E+3	96.755466E-12
1.565576E+3	72.043010E-12
1.565580E+3	79.466856E-12
1.565584E+3	77.682532E-12
1.565588E+3	72.091922E-12
1.565592E+3	99.185681E-12
1.565596E+3	78.765034E-12
1.565600E+3	69.943442E-12
